0.000000 0.000000 0.448903 0.448306 0.443052 0.443436
0.000000 0.100000 0.446734 0.446152 0.441797 0.442132
0.000000 0.200000 0.440290 0.439727 0.438000 0.438246
0.000000 0.300000 0.429798 0.429151 0.431584 0.431826
0.000000 0.400000 0.415486 0.414586 0.422538 0.422959
0.000000 0.500000 0.397475 0.396185 0.411045 0.411785
0.000000 0.600000 0.375824 0.374149 0.397476 0.398544
0.000000 0.700000 0.350526 0.348644 0.382312 0.383564
0.000000 0.800000 0.322014 0.320105 0.365884 0.367173
0.000000 0.900000 0.290934 0.289057 0.348366 0.349652
0.000000 1.000000 0.257861 0.256013 0.330038 0.331331
0.000000 1.100000 0.223336 0.221517 0.311215 0.312541
0.000000 1.200000 0.187872 0.186112 0.292258 0.293639
0.000000 1.300000 0.151959 0.150346 0.273553 0.274994
0.000000 1.400000 0.116064 0.114738 0.255487 0.256941
0.000000 1.500000 0.080723 0.079791 0.238340 0.239747
0.000000 1.600000 0.046451 0.045939 0.222230 0.223578
0.000000 1.700000 0.013603 0.013493 0.207273 0.208567
0.000000 1.800000 0.017572 0.017308 0.193575 0.194835
0.000000 1.900000 0.046869 0.046256 0.181200 0.182446
0.000000 2.000000 0.074088 0.073151 0.170202 0.171457
0.000000 2.100000 0.099005 0.097775 0.160618 0.161881
0.000000 2.200000 0.121393 0.119932 0.152416 0.153679
0.000000 2.300000 0.141106 0.139478 0.145480 0.146734
0.000000 2.400000 0.158090 0.156328 0.139642 0.140899
0.000000 2.500000 0.172329 0.170460 0.134756 0.136024
0.000000 2.600000 0.183858 0.181894 0.130672 0.131956
0.000000 2.700000 0.192732 0.190695 0.127248 0.128541
0.000000 2.800000 0.198985 0.196954 0.124389 0.125648
0.000000 2.900000 0.202782 0.200828 0.121945 0.123137
0.000000 3.000000 0.204415 0.202526 0.119706 0.120850
0.000000 3.100000 0.204144 0.202259 0.117507 0.118640
0.000000 3.200000 0.202129 0.200218 0.115268 0.116403
0.000000 3.300000 0.198540 0.196637 0.112992 0.114105
0.000000 3.400000 0.193492 0.191655 0.110575 0.111639
0.000000 3.500000 0.187268 0.185533 0.107994 0.108992
0.000000 3.600000 0.180115 0.178492 0.105198 0.106139
0.000000 3.700000 0.172267 0.170727 0.102143 0.103050
0.000000 3.800000 0.163922 0.162423 0.098817 0.099719
0.000000 3.900000 0.155225 0.153732 0.095237 0.096153
0.000000 4.000000 0.146279 0.144792 0.091450 0.092375
0.100000 0.000000 0.447733 0.447112 0.439350 0.439763
0.100000 0.100000 0.445561 0.444961 0.438096 0.438464
0.100000 0.200000 0.439123 0.438546 0.434314 0.434587
0.100000 0.300000 0.428641 0.427990 0.427923 0.428185
0.100000 0.400000 0.414342 0.413450 0.418916 0.419345
0.100000 0.500000 0.396334 0.395083 0.407492 0.408218
0.100000 0.600000 0.374684 0.373085 0.394020 0.395041
0.100000 0.700000 0.349435 0.347645 0.378938 0.380124
0.100000 0.800000 0.321025 0.319193 0.362565 0.363797
0.100000 0.900000 0.290070 0.288245 0.345098 0.346346
0.100000 1.000000 0.257135 0.255310 0.326822 0.328104
0.100000 1.100000 0.222730 0.220921 0.308073 0.309408
0.100000 1.200000 0.187359 0.185615 0.289230 0.290624
0.100000 1.300000 0.151535 0.149945 0.270659 0.272100
0.100000 1.400000 0.115755 0.114440 0.252713 0.254162
0.100000 1.500000 0.080536 0.079594 0.235653 0.237066
0.100000 1.600000 0.046361 0.045824 0.219630 0.220990
0.100000 1.700000 0.013577 0.013453 0.204788 0.206089
0.100000 1.800000 0.017536 0.017278 0.191228 0.192474
0.100000 1.900000 0.046755 0.046154 0.178990 0.180206
0.100000 2.000000 0.073890 0.072977 0.168113 0.169329
0.100000 2.100000 0.098733 0.097534 0.158616 0.159847
0.100000 2.200000 0.121070 0.119634 0.150469 0.151713
0.100000 2.300000 0.140739 0.139122 0.143579 0.144825
0.100000 2.400000 0.157673 0.155920 0.137796 0.139044
0.100000 2.500000 0.171860 0.170000 0.132969 0.134223
0.100000 2.600000 0.183342 0.181390 0.128949 0.130212
0.100000 2.700000 0.192173 0.190154 0.125595 0.126856
0.100000 2.800000 0.198399 0.196385 0.122798 0.124024
0.100000 2.900000 0.202190 0.200240 0.120403 0.121568
0.100000 3.000000 0.203826 0.201929 0.118213 0.119337
0.100000 3.100000 0.203549 0.201655 0.116072 0.117189
0.100000 3.200000 0.201519 0.199610 0.113899 0.115019
0.100000 3.300000 0.197923 0.196032 0.111690 0.112791
0.100000 3.400000 0.192871 0.191056 0.109347 0.110397
0.100000 3.500000 0.186652 0.184948 0.106837 0.107823
0.100000 3.600000 0.179512 0.177922 0.104108 0.105035
0.100000 3.700000 0.171680 0.170178 0.101119 0.102010
0.100000 3.800000 0.163346 0.161893 0.097863 0.098741
0.100000 3.900000 0.154657 0.153221 0.094356 0.095237
0.100000 4.000000 0.145719 0.144303 0.090643 0.091521
0.200000 0.000000 0.444227 0.443512 0.428285 0.428818
0.200000 0.100000 0.442060 0.441367 0.427048 0.427528
0.200000 0.200000 0.435630 0.434979 0.423310 0.423682
0.200000 0.300000 0.425162 0.424474 0.417003 0.417338
0.200000 0.400000 0.410888 0.410016 0.408128 0.408587
0.200000 0.500000 0.392916 0.391758 0.396896 0.397591
0.200000 0.600000 0.371344 0.369903 0.383654 0.384585
0.200000 0.700000 0.346271 0.344665 0.368793 0.369856
0.200000 0.800000 0.318121 0.316463 0.352622 0.353732
0.200000 0.900000 0.287491 0.285802 0.335351 0.336504
0.200000 1.000000 0.254930 0.253183 0.317269 0.318506
0.200000 1.100000 0.220885 0.219116 0.298758 0.300094
0.200000 1.200000 0.185817 0.184113 0.280240 0.281643
0.200000 1.300000 0.150280 0.148741 0.262044 0.263473
0.200000 1.400000 0.114820 0.113536 0.244443 0.245873
0.200000 1.500000 0.079935 0.078978 0.227680 0.229089
0.200000 1.600000 0.046041 0.045467 0.211947 0.213320
0.200000 1.700000 0.013474 0.013319 0.197445 0.198744
0.200000 1.800000 0.017430 0.017195 0.184261 0.185470
0.200000 1.900000 0.046425 0.045855 0.172391 0.173538
0.200000 2.000000 0.073325 0.072464 0.161835 0.162969
0.200000 2.100000 0.097957 0.096823 0.152588 0.153749
0.200000 2.200000 0.120121 0.118739 0.144636 0.145833
0.200000 2.300000 0.139634 0.138056 0.137922 0.139132
0.200000 2.400000 0.156414 0.154692 0.132310 0.133520
0.200000 2.500000 0.170461 0.168627 0.127660 0.128869
0.200000 2.600000 0.181807 0.179883 0.123826 0.125030
0.200000 2.700000 0.190514 0.188534 0.120665 0.121853
0.200000 2.800000 0.196647 0.194675 0.118053 0.119195
0.200000 2.900000 0.200395 0.198471 0.115820 0.116908
0.200000 3.000000 0.202024 0.200125 0.113778 0.114841
0.200000 3.100000 0.201731 0.199829 0.111804 0.112874
0.200000 3.200000 0.199678 0.197774 0.109822 0.110898
0.200000 3.300000 0.196077 0.194207 0.107809 0.108872
0.200000 3.400000 0.191039 0.189258 0.105663 0.106682
0.200000 3.500000 0.184852 0.183190 0.103347 0.104306
0.200000 3.600000 0.177765 0.176218 0.100809 0.101713
0.200000 3.700000 0.169979 0.168529 0.098018 0.098879
0.200000 3.800000 0.161680 0.160305 0.094968 0.095798
0.200000 3.900000 0.153020 0.151698 0.091672 0.092481
0.200000 4.000000 0.144115 0.142848 0.088172 0.088952
0.300000 0.000000 0.438389 0.437440 0.410023 0.410798
0.300000 0.100000 0.436214 0.435307 0.408823 0.409532
0.300000 0.200000 0.429771 0.428958 0.405198 0.405756
0.300000 0.300000 0.419310 0.418537 0.399065 0.399525
0.300000 0.400000 0.405092 0.404220 0.390421 0.390932
0.300000 0.500000 0.387252 0.386171 0.379463 0.380145
0.300000 0.600000 0.365899 0.364594 0.366530 0.367396
0.300000 0.700000 0.341155 0.339707 0.351995 0.352973
0.300000 0.800000 0.313401 0.311913 0.336197 0.337206
0.300000 0.900000 0.283238 0.281711 0.319326 0.320376
0.300000 1.000000 0.251201 0.249591 0.301669 0.302817
0.300000 1.100000 0.217709 0.216042 0.283616 0.284885
0.300000 1.200000 0.183178 0.181559 0.265611 0.266956
0.300000 1.300000 0.148157 0.146692 0.247970 0.249338
0.300000 1.400000 0.113200 0.111976 0.230939 0.232299
0.300000 1.500000 0.078802 0.077881 0.214733 0.216071
0.300000 1.600000 0.045367 0.044803 0.199546 0.200850
0.300000 1.700000 0.013224 0.013056 0.185580 0.186808
0.300000 1.800000 0.017286 0.017082 0.172921 0.174054
0.300000 1.900000 0.045902 0.045380 0.161550 0.162612
0.300000 2.000000 0.072438 0.071638 0.151455 0.152497
0.300000 2.100000 0.096717 0.095657 0.142628 0.143691
0.300000 2.200000 0.118553 0.117252 0.135054 0.136148
0.300000 2.300000 0.137759 0.136272 0.128683 0.129786
0.300000 2.400000 0.154272 0.152636 0.123383 0.124486
0.300000 2.500000 0.168085 0.166329 0.119030 0.120130
0.300000 2.600000 0.179220 0.177375 0.115493 0.116584
0.300000 2.700000 0.187736 0.185843 0.112628 0.113696
0.300000 2.800000 0.193718 0.191837 0.110305 0.111321
0.300000 2.900000 0.197365 0.195529 0.108349 0.109314
0.300000 3.000000 0.198937 0.197113 0.106577 0.107528
0.300000 3.100000 0.198618 0.196780 0.104884 0.105849
0.300000 3.200000 0.196562 0.194717 0.103194 0.104177
0.300000 3.300000 0.192991 0.191175 0.101472 0.102458
0.300000 3.400000 0.188023 0.186277 0.099616 0.100579
0.300000 3.500000 0.181928 0.180285 0.097595 0.098517
0.300000 3.600000 0.174940 0.173402 0.095356 0.096236
0.300000 3.700000 0.167242 0.165814 0.092881 0.093715
0.300000 3.800000 0.159024 0.157693 0.090155 0.090944
0.300000 3.900000 0.150443 0.149201 0.087187 0.087933
0.300000 4.000000 0.141618 0.140472 0.084016 0.084708
0.400000 0.000000 0.430040 0.428768 0.385006 0.386083
0.400000 0.100000 0.427857 0.426658 0.383869 0.384860
0.400000 0.200000 0.421418 0.420381 0.380412 0.381202
0.400000 0.300000 0.411024 0.410106 0.374519 0.375146
0.400000 0.400000 0.396955 0.396021 0.366172 0.366782
0.400000 0.500000 0.379383 0.378306 0.355569 0.356291
0.400000 0.600000 0.358381 0.357127 0.343022 0.343892
0.400000 0.700000 0.334121 0.332748 0.328927 0.329893
0.400000 0.800000 0.306915 0.305523 0.313652 0.314629
0.400000 0.900000 0.277352 0.275950 0.297384 0.298370
0.400000 1.000000 0.245961 0.244500 0.280398 0.281446
0.400000 1.100000 0.213173 0.211656 0.263055 0.264194
0.400000 1.200000 0.179400 0.177901 0.245761 0.246972
0.400000 1.300000 0.145112 0.143744 0.228856 0.230098
0.400000 1.400000 0.110831 0.109700 0.212610 0.213834
0.400000 1.500000 0.077072 0.076248 0.197218 0.198398
0.400000 1.600000 0.044280 0.043783 0.182816 0.183949
0.400000 1.700000 0.012778 0.012621 0.169550 0.170627
0.400000 1.800000 0.017143 0.016969 0.157512 0.158532
0.400000 1.900000 0.045230 0.044755 0.146731 0.147707
0.400000 2.000000 0.071265 0.070519 0.137222 0.138174
0.400000 2.100000 0.095044 0.094057 0.128976 0.129918
0.400000 2.200000 0.116383 0.115188 0.121958 0.122895
0.400000 2.300000 0.135138 0.133778 0.116091 0.117017
0.400000 2.400000 0.151253 0.149762 0.111252 0.112172
0.400000 2.500000 0.164722 0.163116 0.107326 0.108245
0.400000 2.600000 0.175568 0.173872 0.104185 0.105106
0.400000 2.700000 0.183846 0.182096 0.101701 0.102613
0.400000 2.800000 0.189637 0.187896 0.099749 0.100622
0.400000 2.900000 0.193141 0.191441 0.098165 0.098996
0.400000 3.000000 0.194614 0.192924 0.096782 0.097601
0.400000 3.100000 0.194243 0.192534 0.095482 0.096316
0.400000 3.200000 0.192192 0.190463 0.094186 0.095043
0.400000 3.300000 0.188685 0.186954 0.092852 0.093722
0.400000 3.400000 0.183826 0.182134 0.091382 0.092251
0.400000 3.500000 0.177865 0.176245 0.089755 0.090603
0.400000 3.600000 0.171017 0.169488 0.087920 0.088740
0.400000 3.700000 0.163472 0.162046 0.085856 0.086638
0.400000 3.800000 0.155412 0.154087 0.083543 0.084287
0.400000 3.900000 0.146988 0.145765 0.080995 0.081694
0.400000 4.000000 0.138319 0.137216 0.078238 0.078880
0.500000 0.000000 0.418837 0.417332 0.354032 0.355308
0.500000 0.100000 0.416696 0.415271 0.352947 0.354133
0.500000 0.200000 0.410388 0.409145 0.349637 0.350618
0.500000 0.300000 0.400223 0.399125 0.343970 0.344778
0.500000 0.400000 0.386469 0.385389 0.335945 0.336712
0.500000 0.500000 0.369272 0.368111 0.325775 0.326603
0.500000 0.600000 0.348766 0.347477 0.313738 0.314672
0.500000 0.700000 0.325131 0.323752 0.300215 0.301223
0.500000 0.800000 0.298638 0.297268 0.285605 0.286603
0.500000 0.900000 0.269839 0.268498 0.270101 0.271071
0.500000 1.000000 0.239252 0.237899 0.253982 0.254954
0.500000 1.100000 0.207333 0.205945 0.237551 0.238564
0.500000 1.200000 0.174484 0.173104 0.221177 0.222243
0.500000 1.300000 0.141114 0.139849 0.205216 0.206304
0.500000 1.400000 0.107690 0.106672 0.189957 0.191008
0.500000 1.500000 0.074761 0.074050 0.175559 0.176540
0.500000 1.600000 0.042802 0.042385 0.162097 0.163026
0.500000 1.700000 0.012119 0.011987 0.149674 0.150576
0.500000 1.800000 0.017043 0.016890 0.138391 0.139282
0.500000 1.900000 0.044449 0.044008 0.128325 0.129205
0.500000 2.000000 0.069847 0.069133 0.119522 0.120378
0.500000 2.100000 0.092994 0.092048 0.111981 0.112797
0.500000 2.200000 0.113702 0.112584 0.105645 0.106417
0.500000 2.300000 0.131865 0.130623 0.100412 0.101148
0.500000 2.400000 0.147460 0.146110 0.096156 0.096879
0.500000 2.500000 0.160484 0.159033 0.092762 0.093494
0.500000 2.600000 0.170961 0.169419 0.090117 0.090865
0.500000 2.700000 0.178944 0.177336 0.088099 0.088855
0.500000 2.800000 0.184517 0.182895 0.086598 0.087339
0.500000 2.900000 0.187865 0.186260 0.085468 0.086190
0.500000 3.000000 0.189228 0.187619 0.084560 0.085276
0.500000 3.100000 0.188785 0.187159 0.083757 0.084480
0.500000 3.200000 0.186702 0.185067 0.082969 0.083700
0.500000 3.300000 0.183230 0.181592 0.082140 0.082878
0.500000 3.400000 0.178478 0.176859 0.081169 0.081910
0.500000 3.500000 0.172666 0.171097 0.080040 0.080773
0.500000 3.600000 0.165991 0.164501 0.078711 0.079423
0.500000 3.700000 0.158655 0.157247 0.077145 0.077837
0.500000 3.800000 0.150829 0.149501 0.075328 0.075998
0.500000 3.900000 0.142654 0.141413 0.073269 0.073915
0.500000 4.000000 0.134241 0.133107 0.070997 0.071606
0.600000 0.000000 0.404587 0.403053 0.318042 0.319314
0.600000 0.100000 0.402553 0.401076 0.316977 0.318186
0.600000 0.200000 0.396538 0.395192 0.313752 0.314811
0.600000 0.300000 0.386806 0.385551 0.308260 0.309211
0.600000 0.400000 0.373561 0.372301 0.300555 0.301492
0.600000 0.500000 0.356912 0.355596 0.290878 0.291855
0.600000 0.600000 0.337030 0.335641 0.279479 0.280510
0.600000 0.700000 0.314142 0.312708 0.266690 0.267752
0.600000 0.800000 0.288525 0.287126 0.252885 0.253912
0.600000 0.900000 0.260663 0.259332 0.238288 0.239251
0.600000 1.000000 0.231043 0.229754 0.223187 0.224100
0.600000 1.100000 0.200149 0.198869 0.207839 0.208739
0.600000 1.200000 0.168386 0.167125 0.192565 0.193488
0.600000 1.300000 0.136122 0.134969 0.177711 0.178643
0.600000 1.400000 0.103771 0.102858 0.163568 0.164453
0.600000 1.500000 0.071880 0.071261 0.150280 0.151077
0.600000 1.600000 0.040936 0.040581 0.137885 0.138614
0.600000 1.700000 0.011233 0.011120 0.126454 0.127162
0.600000 1.800000 0.017013 0.016874 0.116094 0.116808
0.600000 1.900000 0.043570 0.043155 0.106895 0.107614
0.600000 2.000000 0.068168 0.067486 0.098919 0.099619
0.600000 2.100000 0.090547 0.089641 0.092170 0.092823
0.600000 2.200000 0.110510 0.109456 0.086584 0.087185
0.600000 2.300000 0.127979 0.126830 0.082049 0.082616
0.600000 2.400000 0.142960 0.141721 0.078445 0.079002
0.600000 2.500000 0.155452 0.154117 0.075665 0.076237
0.600000 2.600000 0.165474 0.164050 0.073605 0.074192
0.600000 2.700000 0.173096 0.171598 0.072148 0.072748
0.600000 2.800000 0.178405 0.176866 0.071186 0.071786
0.600000 2.900000 0.181571 0.180018 0.070596 0.071193
0.600000 3.000000 0.182809 0.181233 0.070241 0.070844
0.600000 3.100000 0.182280 0.180690 0.070016 0.070625
0.600000 3.200000 0.180147 0.178574 0.069829 0.070431
0.600000 3.300000 0.176686 0.175137 0.069609 0.070200
0.600000 3.400000 0.172022 0.170503 0.069242 0.069827
0.600000 3.500000 0.166359 0.164894 0.068710 0.069290
0.600000 3.600000 0.159884 0.158487 0.067974 0.068544
0.600000 3.700000 0.152788 0.151463 0.066995 0.067552
0.600000 3.800000 0.145248 0.143977 0.065754 0.066306
0.600000 3.900000 0.137402 0.136174 0.064254 0.064808
0.600000 4.000000 0.129336 0.128169 0.062525 0.063073
0.700000 0.000000 0.387474 0.386040 0.277883 0.279036
0.700000 0.100000 0.385575 0.384166 0.276837 0.277956
0.700000 0.200000 0.379946 0.378584 0.273675 0.274726
0.700000 0.300000 0.370773 0.369409 0.268366 0.269393
0.700000 0.400000 0.358181 0.356756 0.261027 0.262090
0.700000 0.500000 0.342242 0.340758 0.251898 0.253000
0.700000 0.600000 0.323152 0.321629 0.241233 0.242351
0.700000 0.700000 0.301172 0.299642 0.229304 0.230409
0.700000 0.800000 0.276582 0.275112 0.216443 0.217487
0.700000 0.900000 0.249816 0.248454 0.202886 0.203840
0.700000 1.000000 0.221327 0.220065 0.188929 0.189791
0.700000 1.100000 0.191612 0.190418 0.174790 0.175595
0.700000 1.200000 0.161097 0.159948 0.160743 0.161538
0.700000 1.300000 0.130125 0.129078 0.147103 0.147901
0.700000 1.400000 0.099056 0.098229 0.134169 0.134908
0.700000 1.500000 0.068395 0.067849 0.122082 0.122713
0.700000 1.600000 0.038639 0.038334 0.110859 0.111396
0.700000 1.700000 0.010086 0.009990 0.100553 0.101043
0.700000 1.800000 0.017059 0.016939 0.091260 0.091736
0.700000 1.900000 0.042566 0.042204 0.083065 0.083538
0.700000 2.000000 0.066168 0.065567 0.076022 0.076479
0.700000 2.100000 0.087616 0.086815 0.070126 0.070557
0.700000 2.200000 0.106727 0.105790 0.065321 0.065727
0.700000 2.300000 0.123428 0.122397 0.061513 0.061914
0.700000 2.400000 0.137726 0.136596 0.058598 0.059010
0.700000 2.500000 0.149613 0.148383 0.056487 0.056913
0.700000 2.600000 0.159108 0.157791 0.055082 0.055513
0.700000 2.700000 0.166295 0.164902 0.054266 0.054696
0.700000 2.800000 0.171268 0.169829 0.053935 0.054360
0.700000 2.900000 0.174187 0.172727 0.053972 0.054394
0.700000 3.000000 0.175259 0.173776 0.054254 0.054685
0.700000 3.100000 0.174642 0.173146 0.054673 0.055115
0.700000 3.200000 0.172494 0.171024 0.055138 0.055581
0.700000 3.300000 0.169079 0.167645 0.055579 0.056013
0.700000 3.400000 0.164530 0.163134 0.055881 0.056311
0.700000 3.500000 0.159043 0.157702 0.056017 0.056447
0.700000 3.600000 0.152790 0.151522 0.055943 0.056370
0.700000 3.700000 0.145964 0.144759 0.055625 0.056045
0.700000 3.800000 0.138738 0.137571 0.055032 0.055453
0.700000 3.900000 0.131247 0.130096 0.054167 0.054601
0.700000 4.000000 0.123571 0.122439 0.053055 0.053502
0.800000 0.000000 0.367930 0.366540 0.234369 0.235444
0.800000 0.100000 0.366158 0.364773 0.233367 0.234426
0.800000 0.200000 0.360904 0.359506 0.230348 0.231386
0.800000 0.300000 0.352294 0.350829 0.225333 0.226395
0.800000 0.400000 0.340400 0.338839 0.218454 0.219573
0.800000 0.500000 0.325266 0.323649 0.209991 0.211135
0.800000 0.600000 0.307108 0.305472 0.200154 0.201285
0.800000 0.700000 0.286206 0.284579 0.189174 0.190268
0.800000 0.800000 0.262828 0.261265 0.177347 0.178377
0.800000 0.900000 0.237358 0.235907 0.164905 0.165844
0.800000 1.000000 0.210192 0.208879 0.152158 0.152994
0.800000 1.100000 0.181821 0.180637 0.139307 0.140051
0.800000 1.200000 0.152691 0.151606 0.126584 0.127279
0.800000 1.300000 0.123146 0.122187 0.114263 0.114924
0.800000 1.400000 0.093516 0.092776 0.102613 0.103200
0.800000 1.500000 0.064270 0.063796 0.091773 0.092242
0.800000 1.600000 0.035884 0.035631 0.081770 0.082126
0.800000 1.700000 0.008658 0.008583 0.072650 0.072933
0.800000 1.800000 0.017195 0.017095 0.064494 0.064739
0.800000 1.900000 0.041452 0.041163 0.057372 0.057594
0.800000 2.000000 0.063869 0.063393 0.051313 0.051523
0.800000 2.100000 0.084228 0.083588 0.046311 0.046520
0.800000 2.200000 0.102373 0.101601 0.042321 0.042540
0.800000 2.300000 0.118223 0.117336 0.039275 0.039518
0.800000 2.400000 0.131764 0.130755 0.037096 0.037363
0.800000 2.500000 0.142978 0.141854 0.035703 0.035981
0.800000 2.600000 0.151883 0.150670 0.035002 0.035274
0.800000 2.700000 0.158562 0.157289 0.034889 0.035141
0.800000 2.800000 0.163123 0.161826 0.035254 0.035488
0.800000 2.900000 0.165736 0.164438 0.035987 0.036213
0.800000 3.000000 0.166620 0.165303 0.036959 0.037199
0.800000 3.100000 0.165928 0.164593 0.038068 0.038332
0.800000 3.200000 0.163805 0.162477 0.039228 0.039504
0.800000 3.300000 0.160490 0.159182 0.040366 0.040649
0.800000 3.400000 0.156105 0.154824 0.041374 0.041666
0.800000 3.500000 0.150839 0.149604 0.042216 0.042520
0.800000 3.600000 0.144857 0.143683 0.042850 0.043159
0.800000 3.700000 0.138334 0.137223 0.043236 0.043545
0.800000 3.800000 0.131437 0.130369 0.043354 0.043663
0.800000 3.900000 0.124304 0.123251 0.043192 0.043511
0.800000 4.000000 0.117018 0.115977 0.042765 0.043100
0.900000 0.000000 0.346180 0.344735 0.188648 0.189689
0.900000 0.100000 0.344518 0.343072 0.187727 0.188751
0.900000 0.200000 0.339594 0.338124 0.184954 0.185956
0.900000 0.300000 0.331525 0.329972 0.180344 0.181371
0.900000 0.400000 0.320350 0.318693 0.174062 0.175138
0.900000 0.500000 0.306082 0.304386 0.166378 0.167455
0.900000 0.600000 0.288953 0.287263 0.157467 0.158500
0.900000 0.700000 0.269261 0.267587 0.147507 0.148493
0.900000 0.800000 0.247283 0.245650 0.136733 0.137665
0.900000 0.900000 0.223293 0.221746 0.125471 0.126339
0.900000 1.000000 0.197659 0.196251 0.113960 0.114736
0.900000 1.100000 0.170816 0.169578 0.102426 0.103090
0.900000 1.200000 0.143230 0.142146 0.091060 0.091639
0.900000 1.300000 0.115249 0.114337 0.080098 0.080609
0.900000 1.400000 0.087201 0.086531 0.069762 0.070180
0.900000 1.500000 0.059537 0.059125 0.060172 0.060476
0.900000 1.600000 0.032692 0.032489 0.051375 0.051575
0.900000 1.700000 0.006966 0.006916 0.043424 0.043555
0.900000 1.800000 0.017427 0.017341 0.036391 0.036480
0.900000 1.900000 0.040273 0.040050 0.030329 0.030390
0.900000 2.000000 0.061354 0.060997 0.025258 0.025307
0.900000 2.100000 0.080494 0.080001 0.021172 0.021225
0.900000 2.200000 0.097549 0.096924 0.018037 0.018112
0.900000 2.300000 0.112436 0.111681 0.015804 0.015904
0.900000 2.400000 0.125121 0.124228 0.014410 0.014531
0.900000 2.500000 0.135585 0.134566 0.013782 0.013904
0.900000 2.600000 0.143844 0.142731 0.013827 0.013934
0.900000 2.700000 0.149968 0.148810 0.014446 0.014535
0.900000 2.800000 0.154082 0.152925 0.015539 0.015609
0.900000 2.900000 0.156371 0.155233 0.016994 0.017060
0.900000 3.000000 0.157056 0.155908 0.018692 0.018774
0.900000 3.100000 0.156299 0.155118 0.020528 0.020637
0.900000 3.200000 0.154227 0.153022 0.022412 0.022545
0.900000 3.300000 0.151043 0.149831 0.024276 0.024430
0.900000 3.400000 0.146853 0.145650 0.026018 0.026191
0.900000 3.500000 0.141838 0.140669 0.027597 0.027783
0.900000 3.600000 0.136156 0.135043 0.028966 0.029164
0.900000 3.700000 0.129970 0.128918 0.030089 0.030294
0.900000 3.800000 0.123433 0.122436 0.030949 0.031154
0.900000 3.900000 0.116678 0.115715 0.031528 0.031740
0.900000 4.000000 0.109801 0.108859 0.031833 0.032057
1.000000 0.000000 0.322254 0.320739 0.142095 0.143029
1.000000 0.100000 0.320700 0.319190 0.141280 0.142190
1.000000 0.200000 0.316097 0.314575 0.138818 0.139696
1.000000 0.300000 0.308559 0.306977 0.134727 0.135604
1.000000 0.400000 0.298128 0.296462 0.129149 0.130042
1.000000 0.500000 0.284818 0.283125 0.122302 0.123180
1.000000 0.600000 0.268841 0.267159 0.114346 0.115174
1.000000 0.700000 0.250473 0.248811 0.105449 0.106225
1.000000 0.800000 0.229962 0.228341 0.095818 0.096541
1.000000 0.900000 0.207570 0.206027 0.085767 0.086427
1.000000 1.000000 0.183634 0.182219 0.075503 0.076079
1.000000 1.100000 0.158549 0.157293 0.065245 0.065720
1.000000 1.200000 0.132730 0.131635 0.055183 0.055573
1.000000 1.300000 0.106501 0.105601 0.045527 0.045840
1.000000 1.400000 0.080201 0.079561 0.036447 0.036679
1.000000 1.500000 0.054267 0.053897 0.028050 0.028199
1.000000 1.600000 0.029123 0.028954 0.020399 0.020478
1.000000 1.700000 0.005056 0.005024 0.013559 0.013593
1.000000 1.800000 0.017734 0.017659 0.007594 0.007602
1.000000 1.900000 0.039044 0.038867 0.002552 0.002538
1.000000 2.000000 0.058685 0.058396 0.001551 0.001583
1.000000 2.100000 0.076494 0.076085 0.004721 0.004760
1.000000 2.200000 0.092334 0.091801 0.006981 0.007018
1.000000 2.300000 0.106120 0.105466 0.008374 0.008405
1.000000 2.400000 0.117833 0.117048 0.008952 0.008984
1.000000 2.500000 0.127468 0.126554 0.008792 0.008828
1.000000 2.600000 0.135041 0.134023 0.007979 0.008025
1.000000 2.700000 0.140611 0.139537 0.006610 0.006665
1.000000 2.800000 0.144290 0.143212 0.004785 0.004842
1.000000 2.900000 0.146250 0.145201 0.002605 0.002654
1.000000 3.000000 0.146715 0.145677 0.000172 0.000204
1.000000 3.100000 0.145870 0.144805 0.002409 0.002396
1.000000 3.200000 0.143836 0.142736 0.005040 0.005049
1.000000 3.300000 0.140792 0.139664 0.007651 0.007683
1.000000 3.400000 0.136812 0.135680 0.010141 0.010191
1.000000 3.500000 0.132058 0.130962 0.012469 0.012536
1.000000 3.600000 0.126688 0.125658 0.014591 0.014667
1.000000 3.700000 0.120867 0.119908 0.016469 0.016554
1.000000 3.800000 0.114738 0.113837 0.018080 0.018175
1.000000 3.900000 0.108415 0.107555 0.019414 0.019518
1.000000 4.000000 0.101993 0.101160 0.020460 0.020581
1.100000 0.000000 0.296269 0.294716 0.096054 0.096760
1.100000 0.100000 0.294825 0.293289 0.095347 0.096029
1.100000 0.200000 0.290563 0.289040 0.093211 0.093852
1.100000 0.300000 0.283592 0.282040 0.089664 0.090287
1.100000 0.400000 0.273961 0.272354 0.084812 0.085432
1.100000 0.500000 0.261712 0.260078 0.078812 0.079411
1.100000 0.600000 0.247015 0.245374 0.071809 0.072363
1.100000 0.700000 0.230072 0.228452 0.063983 0.064483
1.100000 0.800000 0.211094 0.209542 0.055518 0.055954
1.100000 0.900000 0.190360 0.188919 0.046685 0.047049
1.100000 1.000000 0.168233 0.166920 0.037648 0.037932
1.100000 1.100000 0.145076 0.143888 0.028615 0.028813
1.100000 1.200000 0.121223 0.120160 0.019783 0.019915
1.100000 1.300000 0.096956 0.096070 0.011339 0.011419
1.100000 1.400000 0.072594 0.071958 0.003423 0.003457
1.100000 1.500000 0.048553 0.048189 0.003873 0.003874
1.100000 1.600000 0.025258 0.025099 0.010465 0.010487
1.100000 1.700000 0.002987 0.002957 0.016265 0.016303
1.100000 1.800000 0.018075 0.018008 0.021214 0.021267
1.100000 1.900000 0.037746 0.037582 0.025275 0.025351
1.100000 2.000000 0.055847 0.055576 0.028434 0.028542
1.100000 2.100000 0.072223 0.071836 0.030704 0.030834
1.100000 2.200000 0.086727 0.086235 0.032113 0.032255
1.100000 2.300000 0.099292 0.098709 0.032691 0.032842
1.100000 2.400000 0.109927 0.109244 0.032474 0.032636
1.100000 2.500000 0.118659 0.117856 0.031525 0.031703
1.100000 2.600000 0.125514 0.124590 0.029938 0.030126
1.100000 2.700000 0.130541 0.129522 0.027814 0.028003
1.100000 2.800000 0.133806 0.132752 0.025257 0.025435
1.100000 2.900000 0.135444 0.134418 0.022365 0.022521
1.100000 3.000000 0.135685 0.134693 0.019214 0.019352
1.100000 3.100000 0.134724 0.133735 0.015905 0.016028
1.100000 3.200000 0.132702 0.131698 0.012534 0.012639
1.100000 3.300000 0.129786 0.128757 0.009180 0.009267
1.100000 3.400000 0.126026 0.124995 0.005946 0.006012
1.100000 3.500000 0.121559 0.120570 0.002873 0.002921
1.100000 3.600000 0.116527 0.115618 0.000004 0.000039
1.100000 3.700000 0.111101 0.110273 0.002622 0.002602
1.100000 3.800000 0.105422 0.104653 0.004983 0.004978
1.100000 3.900000 0.099595 0.098854 0.007061 0.007075
1.100000 4.000000 0.093691 0.092962 0.008845 0.008883
1.200000 0.000000 0.268436 0.266893 0.051532 0.051924
1.200000 0.100000 0.267118 0.265597 0.050922 0.051293
1.200000 0.200000 0.263244 0.261750 0.049085 0.049421
1.200000 0.300000 0.256922 0.255412 0.046038 0.046356
1.200000 0.400000 0.248184 0.246632 0.041871 0.042180
1.200000 0.500000 0.237065 0.235490 0.036698 0.036980
1.200000 0.600000 0.223712 0.222129 0.030644 0.030879
1.200000 0.700000 0.208285 0.206724 0.023869 0.024046
1.200000 0.800000 0.190952 0.189484 0.016515 0.016631
1.200000 0.900000 0.171995 0.170662 0.008826 0.008882
1.200000 1.000000 0.151774 0.150577 0.000951 0.000945
1.200000 1.100000 0.130628 0.129546 0.006912 0.006985
1.200000 1.200000 0.108853 0.107873 0.014568 0.014698
1.200000 1.300000 0.086695 0.085863 0.021859 0.022023
1.200000 1.400000 0.064441 0.063828 0.028679 0.028855
1.200000 1.500000 0.042467 0.042105 0.034945 0.035107
1.200000 1.600000 0.021171 0.021004 0.040546 0.040688
1.200000 1.700000 0.000824 0.000786 0.045367 0.045504
1.200000 1.800000 0.018398 0.018330 0.049349 0.049502
1.200000 1.900000 0.036320 0.036150 0.052476 0.052658
1.200000 2.000000 0.052769 0.052495 0.054741 0.054959
1.200000 2.100000 0.067595 0.067218 0.056163 0.056408
1.200000 2.200000 0.080665 0.080211 0.056778 0.057028
1.200000 2.300000 0.091934 0.091421 0.056594 0.056841
1.200000 2.400000 0.101431 0.100849 0.055625 0.055883
1.200000 2.500000 0.109203 0.108520 0.053928 0.054206
1.200000 2.600000 0.115295 0.114486 0.051590 0.051891
1.200000 2.700000 0.119747 0.118812 0.048723 0.049041
1.200000 2.800000 0.122594 0.121590 0.045447 0.045760
1.200000 2.900000 0.123933 0.122938 0.041863 0.042150
1.200000 3.000000 0.123972 0.123020 0.038032 0.038291
1.200000 3.100000 0.122914 0.121994 0.034034 0.034268
1.200000 3.200000 0.120911 0.120001 0.029966 0.030176
1.200000 3.300000 0.118094 0.117181 0.025910 0.026100
1.200000 3.400000 0.114614 0.113700 0.021946 0.022114
1.200000 3.500000 0.110475 0.109599 0.018152 0.018296
1.200000 3.600000 0.105837 0.105037 0.014566 0.014682
1.200000 3.700000 0.100853 0.100132 0.011216 0.011308
1.200000 3.800000 0.095664 0.094993 0.008127 0.008196
1.200000 3.900000 0.090365 0.089710 0.005319 0.005369
1.200000 4.000000 0.085015 0.084353 0.002806 0.002836
1.300000 0.000000 0.238974 0.237517 0.009076 0.009133
1.300000 0.100000 0.237823 0.236377 0.008550 0.008593
1.300000 0.200000 0.234417 0.232976 0.006977 0.006992
1.300000 0.300000 0.228829 0.227356 0.004400 0.004391
1.300000 0.400000 0.221059 0.219546 0.000879 0.000851
1.300000 0.500000 0.211119 0.209600 0.003505 0.003568
1.300000 0.600000 0.199146 0.197648 0.008651 0.008765
1.300000 0.700000 0.185317 0.183857 0.014460 0.014625
1.300000 0.800000 0.169764 0.168389 0.020735 0.020938
1.300000 0.900000 0.152737 0.151487 0.027342 0.027576
1.300000 1.000000 0.134531 0.133424 0.034113 0.034378
1.300000 1.100000 0.115466 0.114488 0.040855 0.041163
1.300000 1.200000 0.095833 0.094968 0.047389 0.047739
1.300000 1.300000 0.075871 0.075146 0.053579 0.053952
1.300000 1.400000 0.055844 0.055308 0.059347 0.059711
1.300000 1.500000 0.036085 0.035757 0.064614 0.064939
1.300000 1.600000 0.016938 0.016774 0.069247 0.069531
1.300000 1.700000 0.001356 0.001398 0.073119 0.073394
1.300000 1.800000 0.018624 0.018559 0.076183 0.076476
1.300000 1.900000 0.034686 0.034517 0.078436 0.078760
1.300000 2.000000 0.049376 0.049110 0.079884 0.080234
1.300000 2.100000 0.062555 0.062211 0.080541 0.080893
1.300000 2.200000 0.074118 0.073725 0.080430 0.080761
1.300000 2.300000 0.084045 0.083622 0.079543 0.079853
1.300000 2.400000 0.092380 0.091906 0.077880 0.078189
1.300000 2.500000 0.099167 0.098608 0.075491 0.075827
1.300000 2.600000 0.104448 0.103775 0.072467 0.072842
1.300000 2.700000 0.108265 0.107471 0.068924 0.069334
1.300000 2.800000 0.110651 0.109784 0.064984 0.065405
1.300000 2.900000 0.111699 0.110823 0.060749 0.061147
1.300000 3.000000 0.111587 0.110739 0.056274 0.056638
1.300000 3.100000 0.110496 0.109672 0.051633 0.051965
1.300000 3.200000 0.108563 0.107755 0.046915 0.047216
1.300000 3.300000 0.105917 0.105115 0.042198 0.042475
1.300000 3.400000 0.102705 0.101905 0.037566 0.037821
1.300000 3.500000 0.098935 0.098162 0.033092 0.033317
1.300000 3.600000 0.094744 0.094022 0.028821 0.029007
1.300000 3.700000 0.090257 0.089594 0.024783 0.024933
1.300000 3.800000 0.085592 0.084966 0.021002 0.021126
1.300000 3.900000 0.080836 0.080221 0.017497 0.017604
1.300000 4.000000 0.076044 0.075421 0.014283 0.014378
1.400000 0.000000 0.208257 0.206926 0.031173 0.031410
1.400000 0.100000 0.207273 0.205943 0.031610 0.031861
1.400000 0.200000 0.204353 0.203006 0.032903 0.033192
1.400000 0.300000 0.199540 0.198141 0.035004 0.035336
1.400000 0.400000 0.192810 0.191357 0.037882 0.038255
1.400000 0.500000 0.184121 0.182677 0.041506 0.041918
1.400000 0.600000 0.173596 0.172205 0.045793 0.046241
1.400000 0.700000 0.161429 0.160098 0.050641 0.051124
1.400000 0.800000 0.147755 0.146503 0.055881 0.056379
1.400000 0.900000 0.132769 0.131618 0.061402 0.061901
1.400000 1.000000 0.116693 0.115674 0.067068 0.067570
1.400000 1.100000 0.099801 0.098930 0.072716 0.073228
1.400000 1.200000 0.082398 0.081658 0.078162 0.078693
1.400000 1.300000 0.064719 0.064118 0.083288 0.083830
1.400000 1.400000 0.047008 0.046571 0.088035 0.088554
1.400000 1.500000 0.029559 0.029286 0.092317 0.092785
1.400000 1.600000 0.012665 0.012520 0.095991 0.096415
1.400000 1.700000 0.003471 0.003514 0.098935 0.099357
1.400000 1.800000 0.018681 0.018623 0.101119 0.101568
1.400000 1.900000 0.032794 0.032638 0.102562 0.103033
1.400000 2.000000 0.045645 0.045407 0.103273 0.103738
1.400000 2.100000 0.057115 0.056821 0.103245 0.103679
1.400000 2.200000 0.067137 0.066817 0.102480 0.102864
1.400000 2.300000 0.075709 0.075368 0.100959 0.101303
1.400000 2.400000 0.082871 0.082486 0.098672 0.099017
1.400000 2.500000 0.088656 0.088199 0.095675 0.096053
1.400000 2.600000 0.093102 0.092552 0.092065 0.092488
1.400000 2.700000 0.096245 0.095607 0.087954 0.088413
1.400000 2.800000 0.098140 0.097451 0.083455 0.083919
1.400000 2.900000 0.098890 0.098192 0.078649 0.079094
1.400000 3.000000 0.098663 0.097964 0.073585 0.074011
1.400000 3.100000 0.097597 0.096886 0.068349 0.068752
1.400000 3.200000 0.095792 0.095076 0.063036 0.063415
1.400000 3.300000 0.093359 0.092642 0.057728 0.058083
1.400000 3.400000 0.090442 0.089729 0.052499 0.052828
1.400000 3.500000 0.087062 0.086367 0.047408 0.047709
1.400000 3.600000 0.083348 0.082681 0.042503 0.042765
1.400000 3.700000 0.079393 0.078753 0.037822 0.038045
1.400000 3.800000 0.075281 0.074664 0.033396 0.033590
1.400000 3.900000 0.071081 0.070477 0.029244 0.029421
1.400000 4.000000 0.066849 0.066250 0.025381 0.025547
1.500000 0.000000 0.176674 0.175482 0.069027 0.069516
1.500000 0.100000 0.175840 0.174654 0.069376 0.069876
1.500000 0.200000 0.173367 0.172176 0.070389 0.070930
1.500000 0.300000 0.169314 0.168078 0.072010 0.072606
1.500000 0.400000 0.163652 0.162358 0.074225 0.074884
1.500000 0.500000 0.156301 0.155008 0.077067 0.077765
1.500000 0.600000 0.147334 0.146097 0.080471 0.081191
1.500000 0.700000 0.136911 0.135744 0.084338 0.085070
1.500000 0.800000 0.125168 0.124085 0.088522 0.089250
1.500000 0.900000 0.112276 0.111288 0.092932 0.093644
1.500000 1.000000 0.098415 0.097546 0.097467 0.098160
1.500000 1.100000 0.083817 0.083081 0.101997 0.102678
1.500000 1.200000 0.068758 0.068145 0.106339 0.107028
1.500000 1.300000 0.053455 0.052966 0.110388 0.111087
1.500000 1.400000 0.038133 0.037783 0.114114 0.114784
1.500000 1.500000 0.023053 0.022836 0.117437 0.118039
1.500000 1.600000 0.008469 0.008353 0.120189 0.120741
1.500000 1.700000 0.005435 0.005469 0.122246 0.122798
1.500000 1.800000 0.018518 0.018464 0.123587 0.124174
1.500000 1.900000 0.030623 0.030479 0.124260 0.124867
1.500000 2.000000 0.041599 0.041382 0.124287 0.124870
1.500000 2.100000 0.051343 0.051086 0.123642 0.124166
1.500000 2.200000 0.059819 0.059541 0.122297 0.122755
1.500000 2.300000 0.067033 0.066732 0.120223 0.120640
1.500000 2.400000 0.073015 0.072673 0.117414 0.117835
1.500000 2.500000 0.077790 0.077388 0.113929 0.114381
1.500000 2.600000 0.081392 0.080925 0.109861 0.110344
1.500000 2.700000 0.083866 0.083345 0.105310 0.105807
1.500000 2.800000 0.085278 0.084730 0.100375 0.100859
1.500000 2.900000 0.085737 0.085186 0.095112 0.095576
1.500000 3.000000 0.085396 0.084827 0.089568 0.090024
1.500000 3.100000 0.084368 0.083764 0.083825 0.084284
1.500000 3.200000 0.082724 0.082084 0.077998 0.078453
1.500000 3.300000 0.080535 0.079883 0.072181 0.072617
1.500000 3.400000 0.077932 0.077285 0.066443 0.066854
1.500000 3.500000 0.074947 0.074322 0.060824 0.061208
1.500000 3.600000 0.071709 0.071104 0.055366 0.055719
1.500000 3.700000 0.068296 0.067698 0.050110 0.050432
1.500000 3.800000 0.064757 0.064164 0.045099 0.045390
1.500000 3.900000 0.061137 0.060555 0.040362 0.040629
1.500000 4.000000 0.057484 0.056917 0.035917 0.036166
1.600000 0.000000 0.144576 0.143545 0.104053 0.104745
1.600000 0.100000 0.143888 0.142875 0.104316 0.105012
1.600000 0.200000 0.141856 0.140869 0.105068 0.105779
1.600000 0.300000 0.138547 0.137547 0.106226 0.106978
1.600000 0.400000 0.133943 0.132906 0.107786 0.108590
1.600000 0.500000 0.127975 0.126925 0.109799 0.110642
1.600000 0.600000 0.120650 0.119630 0.112251 0.113122
1.600000 0.700000 0.112061 0.111098 0.115052 0.115934
1.600000 0.800000 0.102307 0.101429 0.118146 0.119010
1.600000 0.900000 0.091550 0.090768 0.121438 0.122265
1.600000 1.000000 0.079964 0.079283 0.124824 0.125626
1.600000 1.100000 0.067745 0.067166 0.128189 0.128984
1.600000 1.200000 0.055113 0.054625 0.131373 0.132199
1.600000 1.300000 0.042257 0.041865 0.134317 0.135168
1.600000 1.400000 0.029373 0.029096 0.137022 0.137843
1.600000 1.500000 0.016697 0.016533 0.139409 0.140146
1.600000 1.600000 0.004461 0.004380 0.141291 0.141959
1.600000 1.700000 0.007177 0.007193 0.142525 0.143184
1.600000 1.800000 0.018096 0.018038 0.143084 0.143783
1.600000 1.900000 0.028164 0.028027 0.143028 0.143760
1.600000 2.000000 0.037257 0.037052 0.142394 0.143118
1.600000 2.100000 0.045290 0.045041 0.141176 0.141845
1.600000 2.200000 0.052231 0.051953 0.139330 0.139935
1.600000 2.300000 0.058088 0.057782 0.136811 0.137377
1.600000 2.400000 0.062889 0.062547 0.133611 0.134173
1.600000 2.500000 0.066655 0.066270 0.129782 0.130358
1.600000 2.600000 0.069424 0.069004 0.125403 0.125982
1.600000 2.700000 0.071253 0.070804 0.120550 0.121115
1.600000 2.800000 0.072212 0.071754 0.115307 0.115837
1.600000 2.900000 0.072401 0.071941 0.109724 0.110222
1.600000 3.000000 0.071944 0.071471 0.103836 0.104331
1.600000 3.100000 0.070943 0.070430 0.097724 0.098238
1.600000 3.200000 0.069450 0.068897 0.091511 0.092035
1.600000 3.300000 0.067523 0.066947 0.085294 0.085806
1.600000 3.400000 0.065224 0.064658 0.079142 0.079627
1.600000 3.500000 0.062676 0.062137 0.073111 0.073566
1.600000 3.600000 0.059912 0.059396 0.067205 0.067632
1.600000 3.700000 0.057031 0.056521 0.061474 0.061871
1.600000 3.800000 0.054070 0.053556 0.055959 0.056330
1.600000 3.900000 0.051058 0.050542 0.050705 0.051052
1.600000 4.000000 0.048012 0.047509 0.045735 0.046061
1.700000 0.000000 0.112360 0.111508 0.135587 0.136446
1.700000 0.100000 0.111826 0.110999 0.135773 0.136615
1.700000 0.200000 0.110252 0.109474 0.136277 0.137089
1.700000 0.300000 0.107698 0.106945 0.136990 0.137799
1.700000 0.400000 0.104160 0.103397 0.137897 0.138731
1.700000 0.500000 0.099575 0.098799 0.139059 0.139930
1.700000 0.600000 0.093914 0.093146 0.140498 0.141409
1.700000 0.700000 0.087206 0.086470 0.142204 0.143143
1.700000 0.800000 0.079504 0.078833 0.144166 0.145088
1.700000 0.900000 0.070940 0.070347 0.146307 0.147193
1.700000 1.000000 0.061665 0.061152 0.148527 0.149395
1.700000 1.100000 0.051842 0.051406 0.150715 0.151604
1.700000 1.200000 0.041652 0.041286 0.152751 0.153696
1.700000 1.300000 0.031264 0.030971 0.154601 0.155596
1.700000 1.400000 0.020846 0.020639 0.156299 0.157267
1.700000 1.500000 0.010600 0.010482 0.157782 0.158649
1.700000 1.600000 0.000722 0.000672 0.158846 0.159620
1.700000 1.700000 0.008643 0.008637 0.159325 0.160077
1.700000 1.800000 0.017388 0.017324 0.159186 0.159977
1.700000 1.900000 0.025419 0.025285 0.158467 0.159319
1.700000 2.000000 0.032637 0.032438 0.157231 0.158111
1.700000 2.100000 0.038971 0.038721 0.155496 0.156353
1.700000 2.200000 0.044388 0.044103 0.153235 0.154037
1.700000 2.300000 0.048904 0.048587 0.150389 0.151143
1.700000 2.400000 0.052535 0.052190 0.146929 0.147668
1.700000 2.500000 0.055307 0.054939 0.142905 0.143627
1.700000 2.600000 0.057264 0.056888 0.138366 0.139057
1.700000 2.700000 0.058483 0.058097 0.133353 0.134006
1.700000 2.800000 0.059026 0.058635 0.127937 0.128542
1.700000 2.900000 0.058968 0.058580 0.122172 0.122738
1.700000 3.000000 0.058411 0.058013 0.116088 0.116650
1.700000 3.100000 0.057436 0.057009 0.109769 0.110344
1.700000 3.200000 0.056092 0.055636 0.103315 0.103898
1.700000 3.300000 0.054430 0.053955 0.096826 0.097398
1.700000 3.400000 0.052515 0.052044 0.090389 0.090933
1.700000 3.500000 0.050369 0.049925 0.084039 0.084546
1.700000 3.600000 0.048091 0.047672 0.077801 0.078270
1.700000 3.700000 0.045745 0.045334 0.071701 0.072144
1.700000 3.800000 0.043362 0.042943 0.065783 0.066205
1.700000 3.900000 0.040957 0.040529 0.060091 0.060500
1.700000 4.000000 0.038536 0.038110 0.054676 0.055069
1.800000 0.000000 0.080355 0.079719 0.162994 0.163967
1.800000 0.100000 0.079991 0.079377 0.163092 0.164034
1.800000 0.200000 0.078909 0.078350 0.163341 0.164208
1.800000 0.300000 0.077149 0.076629 0.163607 0.164425
1.800000 0.400000 0.074700 0.074187 0.163860 0.164680
1.800000 0.500000 0.071494 0.070974 0.164173 0.165035
1.800000 0.600000 0.067483 0.066961 0.164607 0.165528
1.800000 0.700000 0.062654 0.062149 0.165215 0.166181
1.800000 0.800000 0.057030 0.056562 0.166035 0.166997
1.800000 0.900000 0.050684 0.050266 0.167014 0.167954
1.800000 1.000000 0.043726 0.043366 0.168061 0.169008
1.800000 1.100000 0.036289 0.035989 0.169104 0.170092
1.800000 1.200000 0.028531 0.028288 0.170048 0.171107
1.800000 1.300000 0.020601 0.020414 0.170874 0.171984
1.800000 1.400000 0.012652 0.012521 0.171614 0.172702
1.800000 1.500000 0.004837 0.004764 0.172217 0.173206
1.800000 1.600000 0.002688 0.002709 0.172496 0.173393
1.800000 1.700000 0.009795 0.009772 0.172295 0.173159
1.800000 1.800000 0.016392 0.016321 0.171558 0.172452
1.800000 1.900000 0.022405 0.022276 0.170302 0.171263
1.800000 2.000000 0.027757 0.027574 0.168586 0.169596
1.800000 2.100000 0.032402 0.032173 0.166451 0.167458
1.800000 2.200000 0.036313 0.036052 0.163881 0.164841
1.800000 2.300000 0.039503 0.039215 0.160811 0.161724
1.800000 2.400000 0.041993 0.041684 0.157214 0.158094
1.800000 2.500000 0.043808 0.043492 0.153114 0.153955
1.800000 2.600000 0.045002 0.044691 0.148537 0.149327
1.800000 2.700000 0.045649 0.045340 0.143496 0.144235
1.800000 2.800000 0.045806 0.045492 0.138049 0.138735
1.800000 2.900000 0.045530 0.045214 0.132243 0.132890
1.800000 3.000000 0.044890 0.044572 0.126118 0.126749
1.800000 3.100000 0.043951 0.043622 0.119742 0.120374
1.800000 3.200000 0.042763 0.042421 0.113206 0.113830
1.800000 3.300000 0.041375 0.041017 0.106582 0.107192
1.800000 3.400000 0.039830 0.039473 0.099968 0.100552
1.800000 3.500000 0.038138 0.037795 0.093413 0.093961
1.800000 3.600000 0.036364 0.036041 0.086946 0.087455
1.800000 3.700000 0.034561 0.034243 0.080587 0.081068
1.800000 3.800000 0.032750 0.032425 0.074370 0.074842
1.800000 3.900000 0.030940 0.030607 0.068350 0.068821
1.800000 4.000000 0.029133 0.028797 0.062581 0.063044
1.900000 0.000000 0.048853 0.048500 0.185832 0.186796
1.900000 0.100000 0.048673 0.048329 0.185829 0.186757
1.900000 0.200000 0.048122 0.047806 0.185780 0.186625
1.900000 0.300000 0.047196 0.046903 0.185568 0.186354
1.900000 0.400000 0.045853 0.045571 0.185159 0.185954
1.900000 0.500000 0.044020 0.043735 0.184629 0.185486
1.900000 0.600000 0.041640 0.041356 0.184094 0.185037
1.900000 0.700000 0.038666 0.038389 0.183641 0.184653
1.900000 0.800000 0.035089 0.034828 0.183370 0.184380
1.900000 0.900000 0.030940 0.030708 0.183226 0.184225
1.900000 1.000000 0.026284 0.026090 0.183150 0.184169
1.900000 1.100000 0.021220 0.021069 0.183099 0.184173
1.900000 1.200000 0.015875 0.015765 0.183016 0.184158
1.900000 1.300000 0.010385 0.010307 0.182884 0.184076
1.900000 1.400000 0.004873 0.004823 0.182720 0.183902
1.900000 1.500000 0.000544 0.000568 0.182476 0.183595
1.900000 1.600000 0.005749 0.005743 0.182014 0.183063
1.900000 1.700000 0.010634 0.010596 0.181211 0.182218
1.900000 1.800000 0.015122 0.015049 0.179997 0.181006
1.900000 1.900000 0.019150 0.019037 0.178363 0.179407
1.900000 2.000000 0.022669 0.022519 0.176341 0.177415
1.900000 2.100000 0.025645 0.025468 0.173958 0.175031
1.900000 2.200000 0.028074 0.027877 0.171200 0.172235
1.900000 2.300000 0.029971 0.029758 0.168013 0.169005
1.900000 2.400000 0.031361 0.031135 0.164369 0.165325
1.900000 2.500000 0.032270 0.032045 0.160283 0.161199
1.900000 2.600000 0.032755 0.032534 0.155757 0.156626
1.900000 2.700000 0.032876 0.032653 0.150796 0.151621
1.900000 2.800000 0.032678 0.032448 0.145447 0.146224
1.900000 2.900000 0.032202 0.031971 0.139753 0.140483
1.900000 3.000000 0.031495 0.031266 0.133741 0.134439
1.900000 3.100000 0.030607 0.030384 0.127472 0.128145
1.900000 3.200000 0.029589 0.029366 0.121001 0.121649
1.900000 3.300000 0.028478 0.028250 0.114386 0.115017
1.900000 3.400000 0.027311 0.027078 0.107723 0.108339
1.900000 3.500000 0.026075 0.025846 0.101073 0.101663
1.900000 3.600000 0.024815 0.024591 0.094481 0.095042
1.900000 3.700000 0.023552 0.023335 0.087971 0.088511
1.900000 3.800000 0.022305 0.022084 0.081581 0.082112
1.900000 3.900000 0.021077 0.020854 0.075356 0.075885
1.900000 4.000000 0.019868 0.019644 0.069352 0.069876
2.000000 0.000000 0.018238 0.018158 0.203721 0.204533
2.000000 0.100000 0.018239 0.018157 0.203606 0.204391
2.000000 0.200000 0.018219 0.018136 0.203228 0.203959
2.000000 0.300000 0.018123 0.018042 0.202511 0.203217
2.000000 0.400000 0.017879 0.017801 0.201437 0.202191
2.000000 0.500000 0.017398 0.017329 0.200094 0.200950
2.000000 0.600000 0.016607 0.016550 0.198647 0.199624
2.000000 0.700000 0.015443 0.015394 0.197223 0.198276
2.000000 0.800000 0.013874 0.013828 0.195938 0.196988
2.000000 0.900000 0.011883 0.011842 0.194750 0.195788
2.000000 1.000000 0.009493 0.009469 0.193614 0.194687
2.000000 1.100000 0.006767 0.006764 0.192537 0.193679
2.000000 1.200000 0.003801 0.003815 0.191504 0.192709
2.000000 1.300000 0.000697 0.000726 0.190487 0.191739
2.000000 1.400000 0.002441 0.002409 0.189485 0.190748
2.000000 1.500000 0.005528 0.005490 0.188459 0.189703
2.000000 1.600000 0.008472 0.008423 0.187322 0.188533
2.000000 1.700000 0.011188 0.011129 0.185998 0.187164
2.000000 1.800000 0.013616 0.013544 0.184417 0.185545
2.000000 1.900000 0.015713 0.015624 0.182536 0.183650
2.000000 2.000000 0.017450 0.017346 0.180347 0.181461
2.000000 2.100000 0.018810 0.018699 0.177855 0.178958
2.000000 2.200000 0.019802 0.019688 0.175037 0.176111
2.000000 2.300000 0.020453 0.020337 0.171846 0.172887
2.000000 2.400000 0.020793 0.020670 0.168253 0.169269
2.000000 2.500000 0.020850 0.020723 0.164265 0.165258
2.000000 2.600000 0.020668 0.020540 0.159882 0.160853
2.000000 2.700000 0.020294 0.020162 0.155110 0.156054
2.000000 2.800000 0.019762 0.019624 0.149984 0.150885
2.000000 2.900000 0.019103 0.018963 0.144538 0.145381
2.000000 3.000000 0.018349 0.018215 0.138789 0.139576
2.000000 3.100000 0.017533 0.017414 0.132769 0.133502
2.000000 3.200000 0.016697 0.016588 0.126510 0.127201
2.000000 3.300000 0.015877 0.015772 0.120065 0.120733
2.000000 3.400000 0.015064 0.014958 0.113504 0.114155
2.000000 3.500000 0.014276 0.014168 0.106899 0.107535
2.000000 3.600000 0.013519 0.013411 0.100309 0.100924
2.000000 3.700000 0.012794 0.012686 0.093775 0.094369
2.000000 3.800000 0.012104 0.011997 0.087331 0.087910
2.000000 3.900000 0.011451 0.011343 0.081022 0.081590
2.000000 4.000000 0.010830 0.010718 0.074902 0.075450
2.100000 0.000000 0.011154 0.011038 0.216277 0.216895
2.100000 0.100000 0.010987 0.010877 0.216051 0.216658
2.100000 0.200000 0.010515 0.010417 0.215358 0.215949
2.100000 0.300000 0.009823 0.009731 0.214159 0.214770
2.100000 0.400000 0.009017 0.008910 0.212434 0.213143
2.100000 0.500000 0.008188 0.008056 0.210363 0.211221
2.100000 0.600000 0.007435 0.007276 0.208100 0.209098
2.100000 0.700000 0.006831 0.006663 0.205811 0.206883
2.100000 0.800000 0.006442 0.006286 0.203605 0.204674
2.100000 0.900000 0.006335 0.006191 0.201458 0.202524
2.100000 1.000000 0.006525 0.006382 0.199349 0.200475
2.100000 1.100000 0.006979 0.006835 0.197330 0.198546
2.100000 1.200000 0.007639 0.007496 0.195439 0.196717
2.100000 1.300000 0.008430 0.008295 0.193646 0.194958
2.100000 1.400000 0.009282 0.009156 0.191922 0.193247
2.100000 1.500000 0.010122 0.010004 0.190223 0.191559
2.100000 1.600000 0.010883 0.010776 0.188504 0.189838
2.100000 1.700000 0.011496 0.011406 0.186740 0.188035
2.100000 1.800000 0.011929 0.011857 0.184880 0.186108
2.100000 1.900000 0.012164 0.012104 0.182830 0.184012
2.100000 2.000000 0.012187 0.012137 0.180562 0.181725
2.100000 2.100000 0.012002 0.011962 0.178061 0.179211
2.100000 2.200000 0.011622 0.011597 0.175295 0.176424
2.100000 2.300000 0.011086 0.011066 0.172226 0.173325
2.100000 2.400000 0.010425 0.010406 0.168804 0.169889
2.100000 2.500000 0.009666 0.009649 0.165025 0.166111
2.100000 2.600000 0.008844 0.008827 0.160901 0.161987
2.100000 2.700000 0.007990 0.007976 0.156436 0.157513
2.100000 2.800000 0.007141 0.007122 0.151661 0.152693
2.100000 2.900000 0.006317 0.006299 0.146585 0.147549
2.100000 3.000000 0.005533 0.005521 0.141208 0.142102
2.100000 3.100000 0.004813 0.004813 0.135545 0.136376
2.100000 3.200000 0.004183 0.004194 0.129628 0.130404
2.100000 3.300000 0.003641 0.003656 0.123491 0.124224
2.100000 3.400000 0.003192 0.003211 0.117198 0.117896
2.100000 3.500000 0.002838 0.002853 0.110806 0.111475
2.100000 3.600000 0.002566 0.002576 0.104368 0.105012
2.100000 3.700000 0.002367 0.002374 0.097939 0.098556
2.100000 3.800000 0.002231 0.002232 0.091561 0.092154
2.100000 3.900000 0.002147 0.002141 0.085274 0.085850
2.100000 4.000000 0.002104 0.002090 0.079133 0.079687
2.200000 0.000000 0.039154 0.038904 0.223255 0.223770
2.200000 0.100000 0.038832 0.038589 0.222939 0.223451
2.200000 0.200000 0.037904 0.037671 0.221988 0.222495
2.200000 0.300000 0.036473 0.036235 0.220383 0.220930
2.200000 0.400000 0.034659 0.034391 0.218120 0.218790
2.200000 0.500000 0.032575 0.032261 0.215403 0.216246
2.200000 0.600000 0.030330 0.029976 0.212413 0.213418
2.200000 0.700000 0.028017 0.027654 0.209350 0.210437
2.200000 0.800000 0.025740 0.025400 0.206330 0.207419
2.200000 0.900000 0.023616 0.023300 0.203343 0.204443
2.200000 1.000000 0.021704 0.021394 0.200395 0.201569
2.200000 1.100000 0.019986 0.019684 0.197566 0.198843
2.200000 1.200000 0.018426 0.018145 0.194928 0.196266
2.200000 1.300000 0.016992 0.016739 0.192469 0.193830
2.200000 1.400000 0.015642 0.015417 0.190152 0.191516
2.200000 1.500000 0.014325 0.014129 0.187940 0.189301
2.200000 1.600000 0.012982 0.012826 0.185788 0.187149
2.200000 1.700000 0.011577 0.011471 0.183695 0.185014
2.200000 1.800000 0.010105 0.010048 0.181612 0.182861
2.200000 1.900000 0.008565 0.008548 0.179440 0.180643
2.200000 2.000000 0.006964 0.006976 0.177136 0.178331
2.200000 2.100000 0.005311 0.005352 0.174685 0.175881
2.200000 2.200000 0.003633 0.003699 0.172062 0.173249
2.200000 2.300000 0.001968 0.002054 0.169228 0.170385
2.200000 2.400000 0.000354 0.000450 0.166110 0.167251
2.200000 2.500000 0.001187 0.001082 0.162681 0.163829
2.200000 2.600000 0.002628 0.002510 0.158946 0.160106
2.200000 2.700000 0.003935 0.003809 0.154914 0.156066
2.200000 2.800000 0.005084 0.004951 0.150611 0.151716
2.200000 2.900000 0.006057 0.005926 0.146027 0.147051
2.200000 3.000000 0.006854 0.006719 0.141121 0.142074
2.200000 3.100000 0.007470 0.007331 0.135900 0.136798
2.200000 3.200000 0.007895 0.007752 0.130409 0.131262
2.200000 3.300000 0.008144 0.008001 0.124683 0.125484
2.200000 3.400000 0.008224 0.008088 0.118781 0.119526
2.200000 3.500000 0.008150 0.008024 0.112742 0.113432
2.200000 3.600000 0.007947 0.007833 0.106600 0.107247
2.200000 3.700000 0.007634 0.007531 0.100405 0.101017
2.200000 3.800000 0.007236 0.007143 0.094202 0.094791
2.200000 3.900000 0.006772 0.006689 0.088036 0.088614
2.200000 4.000000 0.006261 0.006187 0.081967 0.082536
2.300000 0.000000 0.065679 0.065298 0.224674 0.225230
2.300000 0.100000 0.065207 0.064835 0.224299 0.224840
2.300000 0.200000 0.063833 0.063477 0.223171 0.223685
2.300000 0.300000 0.061688 0.061328 0.221236 0.221765
2.300000 0.400000 0.058907 0.058500 0.218576 0.219212
2.300000 0.500000 0.055630 0.055153 0.215317 0.216134
2.300000 0.600000 0.051972 0.051433 0.211691 0.212694
2.300000 0.700000 0.048034 0.047482 0.207948 0.209054
2.300000 0.800000 0.043963 0.043440 0.204231 0.205353
2.300000 0.900000 0.039922 0.039427 0.200552 0.201688
2.300000 1.000000 0.036003 0.035519 0.196934 0.198138
2.300000 1.100000 0.032218 0.031750 0.193462 0.194757
2.300000 1.200000 0.028548 0.028116 0.190201 0.191562
2.300000 1.300000 0.024991 0.024609 0.187164 0.188556
2.300000 1.400000 0.021527 0.021204 0.184368 0.185756
2.300000 1.500000 0.018132 0.017879 0.181789 0.183146
2.300000 1.600000 0.014785 0.014607 0.179372 0.180689
2.300000 1.700000 0.011471 0.011372 0.177075 0.178331
2.300000 1.800000 0.008203 0.008177 0.174840 0.176032
2.300000 1.900000 0.004995 0.005026 0.172584 0.173754
2.300000 2.000000 0.001861 0.001941 0.170282 0.171475
2.300000 2.100000 0.001178 0.001051 0.167935 0.169160
2.300000 2.200000 0.004085 0.003918 0.165530 0.166760
2.300000 2.300000 0.006814 0.006617 0.163020 0.164221
2.300000 2.400000 0.009332 0.009113 0.160318 0.161493
2.300000 2.500000 0.011615 0.011375 0.157372 0.158540
2.300000 2.600000 0.013635 0.013375 0.154157 0.155328
2.300000 2.700000 0.015367 0.015088 0.150671 0.151832
2.300000 2.800000 0.016785 0.016501 0.146946 0.148051
2.300000 2.900000 0.017885 0.017608 0.142952 0.143969
2.300000 3.000000 0.018685 0.018414 0.138625 0.139570
2.300000 3.100000 0.019196 0.018922 0.133951 0.134862
2.300000 3.200000 0.019429 0.019155 0.128958 0.129841
2.300000 3.300000 0.019392 0.019127 0.123717 0.124562
2.300000 3.400000 0.019111 0.018862 0.118284 0.119071
2.300000 3.500000 0.018620 0.018393 0.112690 0.113410
2.300000 3.600000 0.017955 0.017750 0.106957 0.107617
2.300000 3.700000 0.017151 0.016964 0.101110 0.101730
2.300000 3.800000 0.016248 0.016070 0.095195 0.095797
2.300000 3.900000 0.015267 0.015096 0.089263 0.089865
2.300000 4.000000 0.014234 0.014070 0.083378 0.083985
2.400000 0.000000 0.090592 0.090073 0.220857 0.221518
2.400000 0.100000 0.089972 0.089469 0.220440 0.221073
2.400000 0.200000 0.088166 0.087694 0.219181 0.219750
2.400000 0.300000 0.085326 0.084861 0.217022 0.217565
2.400000 0.400000 0.081631 0.081114 0.214036 0.214655
2.400000 0.500000 0.077242 0.076627 0.210341 0.211138
2.400000 0.600000 0.072274 0.071564 0.206189 0.207190
2.400000 0.700000 0.066822 0.066082 0.201888 0.203007
2.400000 0.800000 0.061060 0.060349 0.197615 0.198752
2.400000 0.900000 0.055203 0.054531 0.193388 0.194536
2.400000 1.000000 0.049382 0.048731 0.189252 0.190452
2.400000 1.100000 0.043638 0.043011 0.185285 0.186557
2.400000 1.200000 0.037980 0.037400 0.181534 0.182874
2.400000 1.300000 0.032415 0.031908 0.178041 0.179428
2.400000 1.400000 0.026943 0.026537 0.174864 0.176257
2.400000 1.500000 0.021580 0.021287 0.172016 0.173364
2.400000 1.600000 0.016342 0.016159 0.169426 0.170704
2.400000 1.700000 0.011240 0.011161 0.167022 0.168220
2.400000 1.800000 0.006295 0.006302 0.164737 0.165862
2.400000 1.900000 0.001528 0.001604 0.162495 0.163606
2.400000 2.000000 0.003047 0.002900 0.160277 0.161434
2.400000 2.100000 0.007391 0.007176 0.158101 0.159322
2.400000 2.200000 0.011455 0.011182 0.155986 0.157226
2.400000 2.300000 0.015190 0.014872 0.153866 0.155086
2.400000 2.400000 0.018557 0.018205 0.151650 0.152837
2.400000 2.500000 0.021529 0.021150 0.149271 0.150432
2.400000 2.600000 0.024086 0.023681 0.146671 0.147819
2.400000 2.700000 0.026204 0.025781 0.143824 0.144955
2.400000 2.800000 0.027866 0.027440 0.140752 0.141824
2.400000 2.900000 0.029074 0.028667 0.137420 0.138407
2.400000 3.000000 0.029868 0.029476 0.133756 0.134672
2.400000 3.100000 0.030282 0.029891 0.129725 0.130619
2.400000 3.200000 0.030331 0.029938 0.125345 0.126227
2.400000 3.300000 0.030027 0.029642 0.120690 0.121548
2.400000 3.400000 0.029408 0.029047 0.115810 0.116619
2.400000 3.500000 0.028521 0.028188 0.110732 0.111484
2.400000 3.600000 0.027422 0.027116 0.105481 0.106177
2.400000 3.700000 0.026155 0.025873 0.100079 0.100734
2.400000 3.800000 0.024769 0.024499 0.094563 0.095202
2.400000 3.900000 0.023298 0.023032 0.088984 0.089624
2.400000 4.000000 0.021769 0.021508 0.083405 0.084052
2.500000 0.000000 0.113688 0.113069 0.212272 0.212987
2.500000 0.100000 0.112936 0.112337 0.211815 0.212497
2.500000 0.200000 0.110744 0.110189 0.210414 0.211018
2.500000 0.300000 0.107273 0.106726 0.208089 0.208652
2.500000 0.400000 0.102744 0.102137 0.204841 0.205467
2.500000 0.500000 0.097327 0.096598 0.200824 0.201614
2.500000 0.600000 0.091145 0.090287 0.196295 0.197286
2.500000 0.700000 0.084290 0.083382 0.191592 0.192692
2.500000 0.800000 0.076952 0.076081 0.186904 0.188014
2.500000 0.900000 0.069398 0.068571 0.182266 0.183377
2.500000 1.000000 0.061795 0.061000 0.177728 0.178883
2.500000 1.100000 0.054213 0.053455 0.173376 0.174602
2.500000 1.200000 0.046685 0.045990 0.169281 0.170565
2.500000 1.300000 0.039245 0.038641 0.165485 0.166814
2.500000 1.400000 0.031911 0.031433 0.162049 0.163389
2.500000 1.500000 0.024724 0.024390 0.158991 0.160305
2.500000 1.600000 0.017732 0.017533 0.156258 0.157520
2.500000 1.700000 0.010959 0.010885 0.153805 0.154982
2.500000 1.800000 0.004443 0.004476 0.151572 0.152659
2.500000 1.900000 0.001785 0.001665 0.149480 0.150524
2.500000 2.000000 0.007703 0.007495 0.147486 0.148561
2.500000 2.100000 0.013262 0.012970 0.145599 0.146738
2.500000 2.200000 0.018410 0.018038 0.143838 0.145010
2.500000 2.300000 0.023083 0.022650 0.142151 0.143317
2.500000 2.400000 0.027238 0.026761 0.140451 0.141594
2.500000 2.500000 0.030849 0.030337 0.138666 0.139785
2.500000 2.600000 0.033898 0.033361 0.136724 0.137819
2.500000 2.700000 0.036373 0.035817 0.134570 0.135644
2.500000 2.800000 0.038255 0.037705 0.132203 0.133226
2.500000 2.900000 0.039565 0.039039 0.129584 0.130534
2.500000 3.000000 0.040358 0.039849 0.126652 0.127545
2.500000 3.100000 0.040677 0.040170 0.123341 0.124210
2.500000 3.200000 0.040544 0.040037 0.119685 0.120541
2.500000 3.300000 0.039981 0.039487 0.115731 0.116558
2.500000 3.400000 0.039040 0.038575 0.111508 0.112292
2.500000 3.500000 0.037786 0.037354 0.107035 0.107776
2.500000 3.600000 0.036284 0.035882 0.102338 0.103043
2.500000 3.700000 0.034588 0.034208 0.097454 0.098133
2.500000 3.800000 0.032749 0.032382 0.092422 0.093090
2.500000 3.900000 0.030811 0.030453 0.087297 0.087963
2.500000 4.000000 0.028807 0.028460 0.082138 0.082796
2.600000 0.000000 0.134826 0.134165 0.199411 0.200088
2.600000 0.100000 0.133966 0.133320 0.198913 0.199564
2.600000 0.200000 0.131450 0.130836 0.197396 0.197990
2.600000 0.300000 0.127444 0.126827 0.194899 0.195472
2.600000 0.400000 0.122181 0.121481 0.191450 0.192096
2.600000 0.500000 0.115831 0.114987 0.187214 0.188023
2.600000 0.600000 0.108522 0.107539 0.182468 0.183450
2.600000 0.700000 0.100363 0.099331 0.177518 0.178585
2.600000 0.800000 0.091574 0.090581 0.172559 0.173613
2.600000 0.900000 0.082455 0.081517 0.167636 0.168679
2.600000 1.000000 0.073212 0.072311 0.162802 0.163894
2.600000 1.100000 0.063931 0.063073 0.158177 0.159341
2.600000 1.200000 0.054663 0.053886 0.153869 0.155074
2.600000 1.300000 0.045481 0.044816 0.149915 0.151135
2.600000 1.400000 0.036441 0.035910 0.146343 0.147568
2.600000 1.500000 0.027595 0.027213 0.143154 0.144378
2.600000 1.600000 0.018990 0.018759 0.140328 0.141541
2.600000 1.700000 0.010664 0.010583 0.137879 0.139031
2.600000 1.800000 0.002679 0.002731 0.135777 0.136828
2.600000 1.900000 0.004912 0.004749 0.133928 0.134906
2.600000 2.000000 0.012068 0.011807 0.132269 0.133240
2.600000 2.100000 0.018749 0.018391 0.130773 0.131785
2.600000 2.200000 0.024891 0.024441 0.129437 0.130482
2.600000 2.300000 0.030424 0.029903 0.128230 0.129278
2.600000 2.400000 0.035308 0.034730 0.127066 0.128104
2.600000 2.500000 0.039510 0.038891 0.125879 0.126909
2.600000 2.600000 0.043018 0.042365 0.124599 0.125618
2.600000 2.700000 0.045821 0.045147 0.123165 0.124164
2.600000 2.800000 0.047911 0.047242 0.121544 0.122498
2.600000 2.900000 0.049322 0.048673 0.119681 0.120578
2.600000 3.000000 0.050117 0.049483 0.117515 0.118373
2.600000 3.100000 0.050336 0.049711 0.114996 0.115832
2.600000 3.200000 0.050017 0.049401 0.112140 0.112956
2.600000 3.300000 0.049201 0.048611 0.108970 0.109748
2.600000 3.400000 0.047953 0.047400 0.105498 0.106231
2.600000 3.500000 0.046351 0.045839 0.101728 0.102420
2.600000 3.600000 0.044473 0.043991 0.097674 0.098344
2.600000 3.700000 0.042380 0.041917 0.093383 0.094046
2.600000 3.800000 0.040123 0.039673 0.088911 0.089571
2.600000 3.900000 0.037749 0.037314 0.084317 0.084971
2.600000 4.000000 0.035299 0.034885 0.079656 0.080293
2.700000 0.000000 0.154005 0.153289 0.182772 0.183396
2.700000 0.100000 0.153054 0.152348 0.182244 0.182852
2.700000 0.200000 0.150257 0.149575 0.180650 0.181220
2.700000 0.300000 0.145783 0.145082 0.178043 0.178615
2.700000 0.400000 0.139859 0.139067 0.174476 0.175133
2.700000 0.500000 0.132669 0.131722 0.170127 0.170942
2.700000 0.600000 0.124343 0.123256 0.165264 0.166239
2.700000 0.700000 0.115005 0.113873 0.160192 0.161230
2.700000 0.800000 0.104887 0.103814 0.155103 0.156100
2.700000 0.900000 0.094338 0.093334 0.150032 0.150992
2.700000 1.000000 0.083607 0.082636 0.145030 0.146031
2.700000 1.100000 0.072784 0.071855 0.140242 0.141314
2.700000 1.200000 0.061930 0.061090 0.135821 0.136918
2.700000 1.300000 0.051152 0.050438 0.131814 0.132897
2.700000 1.400000 0.040543 0.039975 0.128222 0.129280
2.700000 1.500000 0.030179 0.029760 0.125024 0.126079
2.700000 1.600000 0.020100 0.019838 0.122216 0.123280
2.700000 1.700000 0.010351 0.010260 0.119848 0.120879
2.700000 1.800000 0.001019 0.001084 0.117915 0.118864
2.700000 1.900000 0.007823 0.007627 0.116333 0.117211
2.700000 2.000000 0.016121 0.015814 0.115029 0.115884
2.700000 2.100000 0.023825 0.023414 0.113956 0.114832
2.700000 2.200000 0.030870 0.030363 0.113101 0.113996
2.700000 2.300000 0.037184 0.036601 0.112425 0.113312
2.700000 2.400000 0.042724 0.042080 0.111834 0.112718
2.700000 2.500000 0.047471 0.046771 0.111261 0.112153
2.700000 2.600000 0.051403 0.050659 0.110650 0.111549
2.700000 2.700000 0.054511 0.053736 0.109943 0.110837
2.700000 2.800000 0.056789 0.056014 0.109095 0.109950
2.700000 2.900000 0.058287 0.057532 0.108041 0.108850
2.700000 3.000000 0.059072 0.058332 0.106671 0.107453
2.700000 3.100000 0.059195 0.058465 0.104975 0.105744
2.700000 3.200000 0.058701 0.057991 0.102954 0.103702
2.700000 3.300000 0.057645 0.056973 0.100610 0.101321
2.700000 3.400000 0.056109 0.055485 0.097938 0.098604
2.700000 3.500000 0.054184 0.053607 0.094931 0.095563
2.700000 3.600000 0.051956 0.051411 0.091606 0.092220
2.700000 3.700000 0.049491 0.048966 0.087999 0.088610
2.700000 3.800000 0.046848 0.046338 0.084163 0.084777
2.700000 3.900000 0.044073 0.043585 0.080164 0.080774
2.700000 4.000000 0.041216 0.040757 0.076057 0.076649
2.800000 0.000000 0.171267 0.170415 0.162963 0.163601
2.800000 0.100000 0.170220 0.169384 0.162434 0.163048
2.800000 0.200000 0.167136 0.166343 0.160851 0.161417
2.800000 0.300000 0.162217 0.161424 0.158231 0.158783
2.800000 0.400000 0.155690 0.154818 0.154647 0.155268
2.800000 0.500000 0.147741 0.146727 0.150282 0.151048
2.800000 0.600000 0.138518 0.137365 0.145394 0.146311
2.800000 0.700000 0.128141 0.126950 0.140282 0.141258
2.800000 0.800000 0.116853 0.115732 0.135150 0.136074
2.800000 0.900000 0.105030 0.103992 0.130038 0.130909
2.800000 1.000000 0.092957 0.091956 0.124998 0.125887
2.800000 1.100000 0.080753 0.079784 0.120174 0.121117
2.800000 1.200000 0.068485 0.067598 0.115728 0.116689
2.800000 1.300000 0.056263 0.055512 0.111736 0.112666
2.800000 1.400000 0.044210 0.043624 0.108216 0.109087
2.800000 1.500000 0.032437 0.032017 0.105141 0.105964
2.800000 1.600000 0.021016 0.020761 0.102485 0.103294
2.800000 1.700000 0.009994 0.009911 0.100276 0.101069
2.800000 1.800000 0.000543 0.000465 0.098524 0.099284
2.800000 1.900000 0.010515 0.010293 0.097183 0.097914
2.800000 2.000000 0.019853 0.019505 0.096206 0.096935
2.800000 2.100000 0.028489 0.028030 0.095550 0.096291
2.800000 2.200000 0.036348 0.035791 0.095191 0.095931
2.800000 2.300000 0.043358 0.042730 0.095071 0.095792
2.800000 2.400000 0.049486 0.048798 0.095088 0.095799
2.800000 2.500000 0.054714 0.053967 0.095163 0.095888
2.800000 2.600000 0.059024 0.058218 0.095241 0.095986
2.800000 2.700000 0.062401 0.061555 0.095270 0.096020
2.800000 2.800000 0.064836 0.063990 0.095201 0.095925
2.800000 2.900000 0.066398 0.065578 0.094959 0.095646
2.800000 3.000000 0.067157 0.066357 0.094427 0.095097
2.800000 3.100000 0.067186 0.066400 0.093577 0.094241
2.800000 3.200000 0.066535 0.065769 0.092398 0.093053
2.800000 3.300000 0.065270 0.064541 0.090884 0.091519
2.800000 3.400000 0.063483 0.062800 0.089027 0.089632
2.800000 3.500000 0.061269 0.060631 0.086820 0.087401
2.800000 3.600000 0.058718 0.058116 0.084274 0.084839
2.800000 3.700000 0.055905 0.055333 0.081418 0.081974
2.800000 3.800000 0.052900 0.052351 0.078295 0.078849
2.800000 3.900000 0.049761 0.049239 0.074956 0.075506
2.800000 4.000000 0.046553 0.046063 0.071469 0.072002
2.900000 0.000000 0.186536 0.185477 0.140853 0.141547
2.900000 0.100000 0.185393 0.184368 0.140338 0.140998
2.900000 0.200000 0.182044 0.181098 0.138796 0.139378
2.900000 0.300000 0.176713 0.175810 0.136222 0.136756
2.900000 0.400000 0.169638 0.168694 0.132696 0.133264
2.900000 0.500000 0.161006 0.159955 0.128403 0.129075
2.900000 0.600000 0.150990 0.149821 0.123575 0.124374
2.900000 0.700000 0.139730 0.138518 0.118488 0.119347
2.900000 0.800000 0.127449 0.126301 0.113362 0.114185
2.900000 0.900000 0.114533 0.113461 0.108273 0.109047
2.900000 1.000000 0.101279 0.100248 0.103288 0.104060
2.900000 1.100000 0.087843 0.086842 0.098540 0.099339
2.900000 1.200000 0.074318 0.073389 0.094163 0.094972
2.900000 1.300000 0.060803 0.060018 0.090260 0.091033
2.900000 1.400000 0.047436 0.046845 0.086874 0.087564
2.900000 1.500000 0.034376 0.033980 0.083983 0.084586
2.900000 1.600000 0.021740 0.021520 0.081540 0.082096
2.900000 1.700000 0.009590 0.009528 0.079543 0.080084
2.900000 1.800000 0.002013 0.001920 0.078002 0.078544
2.900000 1.900000 0.012996 0.012755 0.076907 0.077462
2.900000 2.000000 0.023275 0.022888 0.076242 0.076821
2.900000 2.100000 0.032756 0.032240 0.075989 0.076584
2.900000 2.200000 0.041346 0.040731 0.076113 0.076700
2.900000 2.300000 0.048975 0.048293 0.076540 0.077105
2.900000 2.400000 0.055618 0.054883 0.077166 0.077720
2.900000 2.500000 0.061261 0.060470 0.077907 0.078468
2.900000 2.600000 0.065885 0.065038 0.078692 0.079275
2.900000 2.700000 0.069481 0.068594 0.079459 0.080057
2.900000 2.800000 0.072062 0.071172 0.080171 0.080762
2.900000 2.900000 0.073665 0.072797 0.080716 0.081290
2.900000 3.000000 0.074391 0.073549 0.081019 0.081586
2.900000 3.100000 0.074321 0.073496 0.081025 0.081592
2.900000 3.200000 0.073516 0.072716 0.080704 0.081266
2.900000 3.300000 0.072068 0.071293 0.080029 0.080587
2.900000 3.400000 0.070068 0.069323 0.078990 0.079546
2.900000 3.500000 0.067604 0.066893 0.077593 0.078144
2.900000 3.600000 0.064761 0.064090 0.075854 0.076393
2.900000 3.700000 0.061628 0.060999 0.073788 0.074312
2.900000 3.800000 0.058292 0.057702 0.071421 0.071935
2.900000 3.900000 0.054836 0.054281 0.068804 0.069307
2.900000 4.000000 0.051291 0.050775 0.065967 0.066457
3.000000 0.000000 0.199650 0.198418 0.117361 0.118065
3.000000 0.100000 0.198440 0.197251 0.116854 0.117524
3.000000 0.200000 0.194898 0.193805 0.115340 0.115925
3.000000 0.300000 0.189251 0.188220 0.112812 0.113339
3.000000 0.400000 0.181724 0.180684 0.109370 0.109895
3.000000 0.500000 0.172505 0.171403 0.105190 0.105774
3.000000 0.600000 0.161797 0.160611 0.100482 0.101147
3.000000 0.700000 0.149783 0.148557 0.095486 0.096202
3.000000 0.800000 0.136680 0.135497 0.090424 0.091117
3.000000 0.900000 0.122837 0.121719 0.085414 0.086063
3.000000 1.000000 0.108560 0.107485 0.080550 0.081183
3.000000 1.100000 0.094033 0.093000 0.075948 0.076587
3.000000 1.200000 0.079389 0.078434 0.071721 0.072363
3.000000 1.300000 0.064743 0.063931 0.067959 0.068573
3.000000 1.400000 0.050224 0.049625 0.064728 0.065262
3.000000 1.500000 0.036027 0.035648 0.062018 0.062452
3.000000 1.600000 0.022312 0.022115 0.059789 0.060153
3.000000 1.700000 0.009152 0.009111 0.058026 0.058364
3.000000 1.800000 0.003399 0.003293 0.056740 0.057077
3.000000 1.900000 0.015280 0.015016 0.055932 0.056290
3.000000 2.000000 0.026394 0.025968 0.055606 0.055992
3.000000 2.100000 0.036627 0.036054 0.055750 0.056157
3.000000 2.200000 0.045865 0.045184 0.056330 0.056739
3.000000 2.300000 0.054037 0.053295 0.057273 0.057671
3.000000 2.400000 0.061126 0.060335 0.058478 0.058878
3.000000 2.500000 0.067117 0.066279 0.059858 0.060271
3.000000 2.600000 0.071994 0.071113 0.061336 0.061767
3.000000 2.700000 0.075773 0.074858 0.062847 0.063294
3.000000 2.800000 0.078451 0.077527 0.064297 0.064753
3.000000 2.900000 0.080096 0.079183 0.065620 0.066083
3.000000 3.000000 0.080800 0.079898 0.066734 0.067208
3.000000 3.100000 0.080630 0.079749 0.067584 0.068067
3.000000 3.200000 0.079668 0.078821 0.068128 0.068603
3.000000 3.300000 0.078037 0.077219 0.068309 0.068783
3.000000 3.400000 0.075842 0.075038 0.068105 0.068590
3.000000 3.500000 0.073161 0.072375 0.067523 0.068023
3.000000 3.600000 0.070066 0.069316 0.066590 0.067093
3.000000 3.700000 0.066657 0.065957 0.065318 0.065813
3.000000 3.800000 0.063048 0.062394 0.063727 0.064212
3.000000 3.900000 0.059293 0.058680 0.061837 0.062312
3.000000 4.000000 0.055471 0.054898 0.059686 0.060156
3.100000 0.000000 0.210492 0.209214 0.093341 0.093956
3.100000 0.100000 0.209258 0.208009 0.092831 0.093420
3.100000 0.200000 0.205623 0.204443 0.091308 0.091843
3.100000 0.300000 0.199791 0.198645 0.088804 0.089298
3.100000 0.400000 0.191952 0.190788 0.085428 0.085920
3.100000 0.500000 0.182283 0.181076 0.081365 0.081881
3.100000 0.600000 0.171010 0.169751 0.076804 0.077360
3.100000 0.700000 0.158360 0.157074 0.071953 0.072526
3.100000 0.800000 0.144557 0.143309 0.067019 0.067567
3.100000 0.900000 0.129918 0.128740 0.062147 0.062648
3.100000 1.000000 0.114738 0.113633 0.057451 0.057918
3.100000 1.100000 0.099250 0.098219 0.053033 0.053484
3.100000 1.200000 0.083641 0.082695 0.048982 0.049427
3.100000 1.300000 0.068036 0.067222 0.045379 0.045808
3.100000 1.400000 0.052554 0.051942 0.042293 0.042667
3.100000 1.500000 0.037390 0.037004 0.039743 0.040030
3.100000 1.600000 0.022737 0.022539 0.037708 0.037922
3.100000 1.700000 0.008687 0.008646 0.036183 0.036352
3.100000 1.800000 0.004703 0.004593 0.035175 0.035322
3.100000 1.900000 0.017368 0.017092 0.034691 0.034835
3.100000 2.000000 0.029195 0.028750 0.034729 0.034885
3.100000 2.100000 0.040061 0.039467 0.035271 0.035446
3.100000 2.200000 0.049850 0.049149 0.036284 0.036477
3.100000 2.300000 0.058493 0.057725 0.037699 0.037912
3.100000 2.400000 0.065968 0.065151 0.039434 0.039673
3.100000 2.500000 0.072256 0.071391 0.041411 0.041673
3.100000 2.600000 0.077351 0.076449 0.043552 0.043831
3.100000 2.700000 0.081253 0.080324 0.045748 0.046046
3.100000 2.800000 0.084005 0.083063 0.047932 0.048244
3.100000 2.900000 0.085675 0.084728 0.050015 0.050346
3.100000 3.000000 0.086345 0.085395 0.051920 0.052276
3.100000 3.100000 0.086078 0.085148 0.053592 0.053963
3.100000 3.200000 0.084969 0.084083 0.054974 0.055344
3.100000 3.300000 0.083162 0.082314 0.056003 0.056375
3.100000 3.400000 0.080780 0.079942 0.056639 0.057025
3.100000 3.500000 0.077896 0.077069 0.056888 0.057295
3.100000 3.600000 0.074584 0.073788 0.056764 0.057185
3.100000 3.700000 0.070957 0.070206 0.056283 0.056706
3.100000 3.800000 0.067102 0.066393 0.055449 0.055876
3.100000 3.900000 0.063121 0.062445 0.054283 0.054717
3.100000 4.000000 0.059073 0.058425 0.052824 0.053267
3.200000 0.000000 0.219196 0.217930 0.069421 0.069900
3.200000 0.100000 0.217948 0.216698 0.068911 0.069376
3.200000 0.200000 0.214275 0.213050 0.067391 0.067828
3.200000 0.300000 0.208349 0.207105 0.064913 0.065334
3.200000 0.400000 0.200320 0.199018 0.061618 0.062044
3.200000 0.500000 0.190335 0.188985 0.057672 0.058110
3.200000 0.600000 0.178632 0.177249 0.053267 0.053711
3.200000 0.700000 0.165471 0.164081 0.048583 0.049022
3.200000 0.800000 0.151079 0.149736 0.043798 0.044201
3.200000 0.900000 0.135763 0.134515 0.039088 0.039441
3.200000 1.000000 0.119807 0.118679 0.034560 0.034866
3.200000 1.100000 0.103490 0.102484 0.030317 0.030582
3.200000 1.200000 0.087057 0.086155 0.026430 0.026678
3.200000 1.300000 0.070655 0.069868 0.022983 0.023214
3.200000 1.400000 0.054381 0.053773 0.020038 0.020229
3.200000 1.500000 0.038418 0.038022 0.017630 0.017758
3.200000 1.600000 0.022972 0.022767 0.015764 0.015831
3.200000 1.700000 0.008161 0.008115 0.014452 0.014469
3.200000 1.800000 0.005943 0.005837 0.013706 0.013686
3.200000 1.900000 0.019258 0.018993 0.013531 0.013489
3.200000 2.000000 0.031666 0.031244 0.013917 0.013875
3.200000 2.100000 0.043045 0.042489 0.014840 0.014817
3.200000 2.200000 0.053287 0.052628 0.016263 0.016270
3.200000 2.300000 0.062321 0.061590 0.018127 0.018172
3.200000 2.400000 0.070129 0.069324 0.020358 0.020449
3.200000 2.500000 0.076683 0.075812 0.022895 0.023020
3.200000 2.600000 0.081942 0.081027 0.025635 0.025782
3.200000 2.700000 0.085943 0.085001 0.028494 0.028654
3.200000 2.800000 0.088734 0.087778 0.031380 0.031555
3.200000 2.900000 0.090390 0.089429 0.034202 0.034399
3.200000 3.000000 0.090997 0.090037 0.036878 0.037101
3.200000 3.100000 0.090634 0.089695 0.039339 0.039585
3.200000 3.200000 0.089404 0.088505 0.041524 0.041780
3.200000 3.300000 0.087452 0.086586 0.043366 0.043634
3.200000 3.400000 0.084894 0.084045 0.044828 0.045112
3.200000 3.500000 0.081817 0.080986 0.045900 0.046202
3.200000 3.600000 0.078316 0.077523 0.046586 0.046900
3.200000 3.700000 0.074479 0.073729 0.046887 0.047212
3.200000 3.800000 0.070440 0.069718 0.046805 0.047144
3.200000 3.900000 0.066284 0.065573 0.046357 0.046720
3.200000 4.000000 0.062059 0.061359 0.045583 0.045969
3.300000 0.000000 0.225954 0.224667 0.046155 0.046501
3.300000 0.100000 0.224688 0.223414 0.045655 0.045989
3.300000 0.200000 0.220976 0.219703 0.044169 0.044482
3.300000 0.300000 0.214984 0.213652 0.041754 0.042063
3.300000 0.400000 0.206836 0.205406 0.038553 0.038874
3.300000 0.500000 0.196626 0.195137 0.034739 0.035059
3.300000 0.600000 0.184603 0.183099 0.030486 0.030794
3.300000 0.700000 0.171053 0.169559 0.025962 0.026248
3.300000 0.800000 0.156227 0.154786 0.021339 0.021591
3.300000 0.900000 0.140395 0.139058 0.016767 0.016973
3.300000 1.000000 0.123826 0.122650 0.012370 0.012527
3.300000 1.100000 0.106831 0.105828 0.008251 0.008357
3.300000 1.200000 0.089708 0.088838 0.004496 0.004565
3.300000 1.300000 0.072627 0.071877 0.001183 0.001224
3.300000 1.400000 0.055677 0.055097 0.001644 0.001640
3.300000 1.500000 0.039060 0.038679 0.003929 0.003969
3.300000 1.600000 0.022969 0.022771 0.005656 0.005733
3.300000 1.700000 0.007540 0.007496 0.006794 0.006901
3.300000 1.800000 0.007135 0.007038 0.007322 0.007460
3.300000 1.900000 0.020963 0.020727 0.007240 0.007394
3.300000 2.000000 0.033832 0.033459 0.006553 0.006709
3.300000 2.100000 0.045617 0.045125 0.005289 0.005422
3.300000 2.200000 0.056218 0.055629 0.003483 0.003583
3.300000 2.300000 0.065571 0.064896 0.001182 0.001246
3.300000 2.400000 0.073645 0.072873 0.001531 0.001503
3.300000 2.500000 0.080396 0.079533 0.004586 0.004587
3.300000 2.600000 0.085794 0.084864 0.007900 0.007922
3.300000 2.700000 0.089860 0.088898 0.011378 0.011414
3.300000 2.800000 0.092655 0.091686 0.014924 0.014979
3.300000 2.900000 0.094264 0.093302 0.018447 0.018523
3.300000 3.000000 0.094792 0.093843 0.021856 0.021960
3.300000 3.100000 0.094342 0.093408 0.025066 0.025199
3.300000 3.200000 0.093017 0.092105 0.028010 0.028169
3.300000 3.300000 0.090945 0.090055 0.030628 0.030808
3.300000 3.400000 0.088255 0.087383 0.032875 0.033074
3.300000 3.500000 0.084998 0.084162 0.034745 0.034959
3.300000 3.600000 0.081302 0.080518 0.036218 0.036444
3.300000 3.700000 0.077295 0.076560 0.037287 0.037522
3.300000 3.800000 0.073101 0.072387 0.037944 0.038198
3.300000 3.900000 0.068797 0.068082 0.038209 0.038491
3.300000 4.000000 0.064427 0.063710 0.038120 0.038429
3.400000 0.000000 0.230859 0.229507 0.024076 0.024288
3.400000 0.100000 0.229573 0.228241 0.023594 0.023792
3.400000 0.200000 0.225810 0.224486 0.022162 0.022337
3.400000 0.300000 0.219753 0.218362 0.019838 0.020006
3.400000 0.400000 0.211514 0.210007 0.016759 0.016932
3.400000 0.500000 0.201153 0.199584 0.013078 0.013245
3.400000 0.600000 0.188911 0.187336 0.008960 0.009108
3.400000 0.700000 0.175090 0.173533 0.004569 0.004685
3.400000 0.800000 0.159946 0.158445 0.000066 0.000146
3.400000 0.900000 0.143750 0.142352 0.004399 0.004359
3.400000 1.000000 0.126761 0.125523 0.008707 0.008710
3.400000 1.100000 0.109279 0.108232 0.012750 0.012798
3.400000 1.200000 0.091622 0.090733 0.016423 0.016514
3.400000 1.300000 0.073980 0.073239 0.019646 0.019773
3.400000 1.400000 0.056484 0.055930 0.022373 0.022534
3.400000 1.500000 0.039325 0.038981 0.024577 0.024758
3.400000 1.600000 0.022726 0.022559 0.026204 0.026392
3.400000 1.700000 0.006829 0.006798 0.027207 0.027398
3.400000 1.800000 0.008276 0.008189 0.027563 0.027761
3.400000 1.900000 0.022498 0.022292 0.027266 0.027472
3.400000 2.000000 0.035723 0.035397 0.026325 0.026527
3.400000 2.100000 0.047829 0.047389 0.024762 0.024947
3.400000 2.200000 0.058704 0.058167 0.022615 0.022775
3.400000 2.300000 0.068284 0.067651 0.019930 0.020065
3.400000 2.400000 0.076536 0.075794 0.016769 0.016887
3.400000 2.500000 0.083421 0.082566 0.013215 0.013321
3.400000 2.600000 0.088906 0.087966 0.009366 0.009457
3.400000 2.700000 0.093006 0.092023 0.005313 0.005386
3.400000 2.800000 0.095783 0.094794 0.001156 0.001206
3.400000 2.900000 0.097328 0.096361 0.003014 0.002989
3.400000 3.000000 0.097769 0.096827 0.007100 0.007104
3.400000 3.100000 0.097234 0.096304 0.011011 0.011050
3.400000 3.200000 0.095828 0.094901 0.014673 0.014743
3.400000 3.300000 0.093680 0.092753 0.018016 0.018114
3.400000 3.400000 0.090853 0.089940 0.021013 0.021136
3.400000 3.500000 0.087452 0.086590 0.023630 0.023772
3.400000 3.600000 0.083604 0.082814 0.025843 0.025998
3.400000 3.700000 0.079457 0.078723 0.027642 0.027807
3.400000 3.800000 0.075132 0.074422 0.029015 0.029199
3.400000 3.900000 0.070699 0.069989 0.029980 0.030185
3.400000 4.000000 0.066199 0.065493 0.030563 0.030793
3.500000 0.000000 0.233983 0.232543 0.003634 0.003705
3.500000 0.100000 0.232678 0.231269 0.003165 0.003224
3.500000 0.200000 0.228864 0.227490 0.001781 0.001818
3.500000 0.300000 0.222743 0.221322 0.000452 0.000424
3.500000 0.400000 0.214428 0.212905 0.003411 0.003389
3.500000 0.500000 0.203990 0.202397 0.006971 0.006959
3.500000 0.600000 0.191636 0.190029 0.010973 0.010989
3.500000 0.700000 0.177644 0.176062 0.015258 0.015314
3.500000 0.800000 0.162275 0.160766 0.019667 0.019765
3.500000 0.900000 0.145832 0.144426 0.024058 0.024195
3.500000 1.000000 0.128587 0.127322 0.028303 0.028481
3.500000 1.100000 0.110812 0.109713 0.032293 0.032511
3.500000 1.200000 0.092799 0.091858 0.035912 0.036170
3.500000 1.300000 0.074746 0.073976 0.039089 0.039374
3.500000 1.400000 0.056817 0.056266 0.041782 0.042076
3.500000 1.500000 0.039235 0.038920 0.043962 0.044237
3.500000 1.600000 0.022256 0.022119 0.045547 0.045789
3.500000 1.700000 0.006026 0.006004 0.046464 0.046683
3.500000 1.800000 0.009383 0.009309 0.046680 0.046899
3.500000 1.900000 0.023887 0.023708 0.046200 0.046430
3.500000 2.000000 0.037373 0.037075 0.045037 0.045273
3.500000 2.100000 0.049713 0.049290 0.043214 0.043447
3.500000 2.200000 0.060776 0.060245 0.040778 0.040995
3.500000 2.300000 0.070487 0.069861 0.037761 0.037962
3.500000 2.400000 0.078824 0.078096 0.034210 0.034407
3.500000 2.500000 0.085760 0.084921 0.030213 0.030412
3.500000 2.600000 0.091275 0.090341 0.025878 0.026069
3.500000 2.700000 0.095384 0.094387 0.021301 0.021478
3.500000 2.800000 0.098136 0.097121 0.016590 0.016741
3.500000 2.900000 0.099614 0.098628 0.011840 0.011957
3.500000 3.000000 0.099961 0.099013 0.007142 0.007225
3.500000 3.100000 0.099347 0.098419 0.002600 0.002646
3.500000 3.200000 0.097853 0.096924 0.001730 0.001715
3.500000 3.300000 0.095608 0.094665 0.005762 0.005779
3.500000 3.400000 0.092697 0.091755 0.009446 0.009493
3.500000 3.500000 0.089201 0.088305 0.012751 0.012821
3.500000 3.600000 0.085243 0.084430 0.015650 0.015737
3.500000 3.700000 0.080986 0.080242 0.018128 0.018230
3.500000 3.800000 0.076554 0.075846 0.020177 0.020296
3.500000 3.900000 0.072017 0.071321 0.021803 0.021941
3.500000 4.000000 0.067421 0.066737 0.023030 0.023189
3.600000 0.000000 0.235400 0.233879 0.014837 0.014895
3.600000 0.100000 0.234083 0.232604 0.015298 0.015364
3.600000 0.200000 0.230249 0.228825 0.016646 0.016729
3.600000 0.300000 0.224107 0.222657 0.018804 0.018902
3.600000 0.400000 0.215761 0.214223 0.021669 0.021782
3.600000 0.500000 0.205291 0.203688 0.025123 0.025261
3.600000 0.600000 0.192893 0.191274 0.029027 0.029198
3.600000 0.700000 0.178818 0.177232 0.033221 0.033440
3.600000 0.800000 0.163325 0.161828 0.037565 0.037827
3.600000 0.900000 0.146738 0.145353 0.041906 0.042207
3.600000 1.000000 0.129346 0.128086 0.046109 0.046451
3.600000 1.100000 0.111410 0.110292 0.050063 0.050442
3.600000 1.200000 0.093192 0.092220 0.053652 0.054063
3.600000 1.300000 0.074896 0.074098 0.056805 0.057228
3.600000 1.400000 0.056694 0.056132 0.059495 0.059900
3.600000 1.500000 0.038841 0.038530 0.061690 0.062030
3.600000 1.600000 0.021615 0.021484 0.063277 0.063545
3.600000 1.700000 0.005167 0.005143 0.064145 0.064378
3.600000 1.800000 0.010441 0.010378 0.064265 0.064504
3.600000 1.900000 0.025128 0.024960 0.063644 0.063917
3.600000 2.000000 0.038780 0.038482 0.062304 0.062608
3.600000 2.100000 0.051255 0.050818 0.060283 0.060599
3.600000 2.200000 0.062403 0.061860 0.057625 0.057928
3.600000 2.300000 0.072151 0.071526 0.054351 0.054633
3.600000 2.400000 0.080488 0.079780 0.050490 0.050767
3.600000 2.500000 0.087408 0.086600 0.046128 0.046410
3.600000 2.600000 0.092904 0.091996 0.041373 0.041653
3.600000 2.700000 0.096999 0.096004 0.036336 0.036609
3.600000 2.800000 0.099742 0.098705 0.031148 0.031395
3.600000 2.900000 0.101156 0.100138 0.025887 0.026098
3.600000 3.000000 0.101412 0.100443 0.020652 0.020820
3.600000 3.100000 0.100675 0.099746 0.015531 0.015658
3.600000 3.200000 0.099086 0.098169 0.010608 0.010702
3.600000 3.300000 0.096763 0.095833 0.005957 0.006022
3.600000 3.400000 0.093796 0.092852 0.001646 0.001683
3.600000 3.500000 0.090248 0.089338 0.002283 0.002275
3.600000 3.600000 0.086231 0.085396 0.005806 0.005824
3.600000 3.700000 0.081907 0.081147 0.008908 0.008946
3.600000 3.800000 0.077400 0.076689 0.011577 0.011633
3.600000 3.900000 0.072793 0.072108 0.013816 0.013893
3.600000 4.000000 0.068141 0.067474 0.015638 0.015738
3.700000 0.000000 0.235162 0.233621 0.031097 0.031252
3.700000 0.100000 0.233865 0.232358 0.031548 0.031711
3.700000 0.200000 0.230076 0.228606 0.032864 0.033048
3.700000 0.300000 0.223980 0.222473 0.034956 0.035166
3.700000 0.400000 0.215664 0.214071 0.037738 0.037979
3.700000 0.500000 0.205198 0.203564 0.041106 0.041382
3.700000 0.600000 0.192787 0.191165 0.044930 0.045248
3.700000 0.700000 0.178703 0.177130 0.049059 0.049417
3.700000 0.800000 0.163195 0.161716 0.053347 0.053746
3.700000 0.900000 0.146576 0.145207 0.057652 0.058085
3.700000 1.000000 0.129121 0.127885 0.061838 0.062304
3.700000 1.100000 0.111104 0.110013 0.065788 0.066280
3.700000 1.200000 0.092796 0.091849 0.069378 0.069889
3.700000 1.300000 0.074401 0.073624 0.072529 0.073045
3.700000 1.400000 0.056103 0.055547 0.075227 0.075706
3.700000 1.500000 0.038151 0.037832 0.077434 0.077832
3.700000 1.600000 0.020818 0.020674 0.079025 0.079340
3.700000 1.700000 0.004262 0.004228 0.079872 0.080156
3.700000 1.800000 0.011448 0.011385 0.079940 0.080252
3.700000 1.900000 0.026219 0.026040 0.079248 0.079610
3.700000 2.000000 0.039924 0.039607 0.077817 0.078224
3.700000 2.100000 0.052408 0.051962 0.075688 0.076107
3.700000 2.200000 0.063529 0.062997 0.072896 0.073288
3.700000 2.300000 0.073223 0.072636 0.069447 0.069803
3.700000 2.400000 0.081496 0.080845 0.065360 0.065700
3.700000 2.500000 0.088345 0.087611 0.060714 0.061057
3.700000 2.600000 0.093780 0.092944 0.055624 0.055973
3.700000 2.700000 0.097848 0.096903 0.050218 0.050568
3.700000 2.800000 0.100523 0.099511 0.044603 0.044937
3.700000 2.900000 0.101889 0.100873 0.038902 0.039201
3.700000 3.000000 0.102085 0.101106 0.033206 0.033457
3.700000 3.100000 0.101271 0.100340 0.027600 0.027804
3.700000 3.200000 0.099599 0.098697 0.022167 0.022331
3.700000 3.300000 0.097203 0.096303 0.016983 0.017118
3.700000 3.400000 0.094180 0.093273 0.012120 0.012230
3.700000 3.500000 0.090604 0.089719 0.007628 0.007710
3.700000 3.600000 0.086578 0.085747 0.003543 0.003596
3.700000 3.700000 0.082236 0.081471 0.000115 0.000092
3.700000 3.800000 0.077709 0.076991 0.003342 0.003345
3.700000 3.900000 0.073078 0.072389 0.006134 0.006161
3.700000 4.000000 0.068409 0.067737 0.008502 0.008549
3.800000 0.000000 0.233406 0.231897 0.044965 0.045187
3.800000 0.100000 0.232146 0.230653 0.045400 0.045634
3.800000 0.200000 0.228438 0.226949 0.046671 0.046935
3.800000 0.300000 0.222443 0.220884 0.048692 0.049001
3.800000 0.400000 0.214212 0.212557 0.051386 0.051748
3.800000 0.500000 0.203803 0.202127 0.054682 0.055089
3.800000 0.600000 0.191435 0.189810 0.058453 0.058893
3.800000 0.700000 0.177408 0.175855 0.062531 0.063004
3.800000 0.800000 0.161976 0.160517 0.066777 0.067277
3.800000 0.900000 0.145422 0.144073 0.071052 0.071574
3.800000 1.000000 0.127999 0.126794 0.075240 0.075774
3.800000 1.100000 0.109987 0.108953 0.079216 0.079752
3.800000 1.200000 0.091698 0.090813 0.082832 0.083377
3.800000 1.300000 0.073335 0.072608 0.086008 0.086556
3.800000 1.400000 0.055080 0.054554 0.088723 0.089244
3.800000 1.500000 0.037173 0.036858 0.090938 0.091393
3.800000 1.600000 0.019867 0.019714 0.092522 0.092920
3.800000 1.700000 0.003317 0.003279 0.093362 0.093757
3.800000 1.800000 0.012393 0.012316 0.093425 0.093867
3.800000 1.900000 0.027144 0.026934 0.092738 0.093236
3.800000 2.000000 0.040778 0.040442 0.091319 0.091843
3.800000 2.100000 0.053150 0.052718 0.089186 0.089690
3.800000 2.200000 0.064139 0.063657 0.086357 0.086800
3.800000 2.300000 0.073702 0.073198 0.082819 0.083202
3.800000 2.400000 0.081853 0.081306 0.078590 0.078950
3.800000 2.500000 0.088599 0.087974 0.073750 0.074115
3.800000 2.600000 0.093957 0.093228 0.068431 0.068809
3.800000 2.700000 0.097916 0.097076 0.062731 0.063118
3.800000 2.800000 0.100526 0.099598 0.056791 0.057177
3.800000 2.900000 0.101851 0.100887 0.050731 0.051093
3.800000 3.000000 0.102017 0.101060 0.044653 0.044972
3.800000 3.100000 0.101177 0.100241 0.038641 0.038912
3.800000 3.200000 0.099462 0.098555 0.032787 0.033014
3.800000 3.300000 0.097006 0.096123 0.027161 0.027356
3.800000 3.400000 0.093931 0.093066 0.021834 0.022004
3.800000 3.500000 0.090337 0.089498 0.016864 0.017004
3.800000 3.600000 0.086331 0.085527 0.012289 0.012398
3.800000 3.700000 0.082031 0.081259 0.008134 0.008210
3.800000 3.800000 0.077542 0.076790 0.004413 0.004460
3.800000 3.900000 0.072933 0.072201 0.001128 0.001149
3.800000 4.000000 0.068275 0.067561 0.001726 0.001725
3.900000 0.000000 0.230351 0.228863 0.056262 0.056546
3.900000 0.100000 0.229111 0.227634 0.056687 0.056981
3.900000 0.200000 0.225462 0.223982 0.057919 0.058246
3.900000 0.300000 0.219558 0.218002 0.059872 0.060255
3.900000 0.400000 0.211448 0.209787 0.062483 0.062931
3.900000 0.500000 0.201169 0.199492 0.065703 0.066201
3.900000 0.600000 0.188931 0.187318 0.069417 0.069945
3.900000 0.700000 0.175041 0.173510 0.073454 0.074005
3.900000 0.800000 0.159757 0.158328 0.077667 0.078230
3.900000 0.900000 0.143349 0.142033 0.081925 0.082489
3.900000 1.000000 0.126059 0.124900 0.086118 0.086677
3.900000 1.100000 0.108176 0.107199 0.090126 0.090669
3.900000 1.200000 0.090026 0.089199 0.093779 0.094328
3.900000 1.300000 0.071815 0.071131 0.096985 0.097557
3.900000 1.400000 0.053716 0.053211 0.099730 0.100302
3.900000 1.500000 0.035959 0.035647 0.101974 0.102508
3.900000 1.600000 0.018786 0.018630 0.103586 0.104092
3.900000 1.700000 0.002349 0.002319 0.104449 0.104985
3.900000 1.800000 0.013254 0.013147 0.104552 0.105153
3.900000 1.900000 0.027875 0.027624 0.103930 0.104578
3.900000 2.000000 0.041339 0.040978 0.102602 0.103235
3.900000 2.100000 0.053511 0.053088 0.100547 0.101110
3.900000 2.200000 0.064298 0.063862 0.097759 0.098221
3.900000 2.300000 0.073677 0.073243 0.094217 0.094600
3.900000 2.400000 0.081662 0.081202 0.089941 0.090292
3.900000 2.500000 0.088274 0.087742 0.085022 0.085381
3.900000 2.600000 0.093484 0.092852 0.079557 0.079935
3.900000 2.700000 0.097323 0.096584 0.073686 0.074081
3.900000 2.800000 0.099832 0.099012 0.067539 0.067938
3.900000 2.900000 0.101093 0.100227 0.061229 0.061615
3.900000 3.000000 0.101245 0.100349 0.054858 0.055219
3.900000 3.100000 0.100418 0.099497 0.048524 0.048855
3.900000 3.200000 0.098715 0.097792 0.042330 0.042624
3.900000 3.300000 0.096245 0.095345 0.036356 0.036612
3.900000 3.400000 0.093138 0.092284 0.030667 0.030888
3.900000 3.500000 0.089535 0.088725 0.025310 0.025497
3.900000 3.600000 0.085566 0.084779 0.020325 0.020482
3.900000 3.700000 0.081341 0.080552 0.015746 0.015873
3.900000 3.800000 0.076928 0.076128 0.011594 0.011697
3.900000 3.900000 0.072379 0.071580 0.007879 0.007957
3.900000 4.000000 0.067754 0.066983 0.004601 0.004655
4.000000 0.000000 0.226174 0.224656 0.064860 0.065214
4.000000 0.100000 0.224936 0.223447 0.065281 0.065641
4.000000 0.200000 0.221305 0.219855 0.066499 0.066875
4.000000 0.300000 0.215438 0.213961 0.068422 0.068835
4.000000 0.400000 0.207441 0.205884 0.070977 0.071441
4.000000 0.500000 0.197350 0.195763 0.074119 0.074634
4.000000 0.600000 0.185347 0.183796 0.077752 0.078305
4.000000 0.700000 0.171693 0.170208 0.081724 0.082304
4.000000 0.800000 0.156631 0.155250 0.085904 0.086489
4.000000 0.900000 0.140445 0.139187 0.090152 0.090728
4.000000 1.000000 0.123398 0.122293 0.094351 0.094915
4.000000 1.100000 0.105777 0.104839 0.098373 0.098931
4.000000 1.200000 0.087889 0.087083 0.102053 0.102634
4.000000 1.300000 0.069936 0.069258 0.105297 0.105929
4.000000 1.400000 0.052085 0.051578 0.108096 0.108754
4.000000 1.500000 0.034564 0.034248 0.110415 0.111046
4.000000 1.600000 0.017614 0.017464 0.112117 0.112727
4.000000 1.700000 0.001396 0.001384 0.113073 0.113721
4.000000 1.800000 0.013982 0.013849 0.113271 0.113989
4.000000 1.900000 0.028374 0.028093 0.112756 0.113513
4.000000 2.000000 0.041597 0.041212 0.111539 0.112263
4.000000 2.100000 0.053525 0.053088 0.109598 0.110224
4.000000 2.200000 0.064081 0.063637 0.106905 0.107410
4.000000 2.300000 0.073244 0.072808 0.103436 0.103848
4.000000 2.400000 0.081036 0.080582 0.099220 0.099593
4.000000 2.500000 0.087436 0.086929 0.094315 0.094686
4.000000 2.600000 0.092460 0.091881 0.088844 0.089226
4.000000 2.700000 0.096140 0.095484 0.082929 0.083322
4.000000 2.800000 0.098519 0.097806 0.076700 0.077092
4.000000 2.900000 0.099699 0.098947 0.070263 0.070645
4.000000 3.000000 0.099820 0.099024 0.063716 0.064091
4.000000 3.100000 0.099014 0.098153 0.057160 0.057529
4.000000 3.200000 0.097359 0.096445 0.050716 0.051065
4.000000 3.300000 0.094929 0.094012 0.044479 0.044795
4.000000 3.400000 0.091842 0.090975 0.038515 0.038789
4.000000 3.500000 0.088260 0.087449 0.032865 0.033100
4.000000 3.600000 0.084338 0.083555 0.027561 0.027767
4.000000 3.700000 0.080187 0.079388 0.022637 0.022822
4.000000 3.800000 0.075863 0.075032 0.018128 0.018292
4.000000 3.900000 0.071396 0.070557 0.014054 0.014192
4.000000 4.000000 0.066843 0.066030 0.010413 0.010525
